  -2.3970300e+00
  -2.3970300e+00
  -2.3970300e+00
  -2.3938900e+00
  -2.3938900e+00
  -2.3907500e+00
  -2.3876100e+00
  -2.3813300e+00
  -2.3781900e+00
  -2.3687600e+00
  -2.3624800e+00
  -2.3499100e+00
  -2.3373400e+00
  -2.3247800e+00
  -2.3090700e+00
  -2.2902200e+00
  -2.2682300e+00
  -2.2462400e+00
  -2.2242500e+00
  -2.1959700e+00
  -2.1677000e+00
  -2.1394200e+00
  -2.1048700e+00
  -2.0703100e+00
  -2.0326100e+00
  -1.9949100e+00
  -1.9540700e+00
  -1.9100900e+00
  -1.8598200e+00
  -1.8095600e+00
  -1.7592900e+00
  -1.7027400e+00
  -1.6461900e+00
  -1.5865000e+00
  -1.5268100e+00
  -1.4608400e+00
  -1.3948700e+00
  -1.3226100e+00
  -1.2503500e+00
  -1.1781000e+00
  -1.1027000e+00
  -1.0210200e+00
  -9.3933600e-01
  -8.5765500e-01
  -7.6969000e-01
  -6.8172500e-01
  -5.9376100e-01
  -5.0265500e-01
  -4.1154900e-01
  -3.1730100e-01
  -2.2619500e-01
  -1.3194700e-01
  -3.7699100e-02
   5.6548700e-02
   1.5079600e-01
   2.4504400e-01
   3.3615000e-01
   4.2725700e-01
   5.1836300e-01
   6.0946900e-01
   6.9743300e-01
   7.8225600e-01
   8.6707900e-01
   9.4876100e-01
   1.0304400e+00
   1.1058400e+00
   1.1812400e+00
   1.2566400e+00
   1.3257500e+00
   1.3948700e+00
   1.4608400e+00
   1.5205300e+00
   1.5833600e+00
   1.6430500e+00
   1.6964600e+00
   1.7498700e+00
   1.8001300e+00
   1.8472600e+00
   1.8943800e+00
   1.9352200e+00
   1.9729200e+00
   2.0106200e+00
   2.0451800e+00
   2.0797300e+00
   2.1080100e+00
   2.1362800e+00
   2.1614200e+00
   2.1865500e+00
   2.2054000e+00
   2.2242500e+00
   2.2431000e+00
   2.2588000e+00
   2.2713700e+00
   2.2839400e+00
   2.2902200e+00
   2.2996500e+00
   2.3059300e+00
   2.3090700e+00
   2.3122100e+00
   2.3122100e+00
   2.3090700e+00
   2.3059300e+00
   2.2996500e+00
   2.2902200e+00
   2.2808000e+00
   2.2682300e+00
   2.2556600e+00
   2.2368100e+00
   2.2179600e+00
   2.1991100e+00
   2.1739800e+00
   2.1488500e+00
   2.1205700e+00
   2.0923000e+00
   2.0608800e+00
   2.0263300e+00
   1.9917700e+00
   1.9540700e+00
   1.9100900e+00
   1.8692500e+00
   1.8221200e+00
   1.7750000e+00
   1.7247300e+00
   1.6713300e+00
   1.6147800e+00
   1.5582300e+00
   1.4954000e+00
   1.4325700e+00
   1.3665900e+00
   1.2974800e+00
   1.2252200e+00
   1.1529600e+00
   1.0775700e+00
   9.9902600e-01
   9.1734500e-01
   8.3566300e-01
   7.5084000e-01
   6.6287600e-01
   5.7805300e-01
   4.8694700e-01
   3.9898200e-01
   3.0787600e-01
   2.1362800e-01
   1.2252200e-01
   2.8274300e-02
  -6.2831800e-02
  -1.5393800e-01
  -2.4818600e-01
  -3.3929200e-01
  -4.3039800e-01
  -5.1836300e-01
  -6.0632700e-01
  -6.9429200e-01
  -7.7911500e-01
  -8.6079600e-01
  -9.4247800e-01
  -1.0210200e+00
  -1.0964200e+00
  -1.1718100e+00
  -1.2440700e+00
  -1.3131900e+00
  -1.3791600e+00
  -1.4451300e+00
  -1.5079600e+00
  -1.5645100e+00
  -1.6242000e+00
  -1.6776100e+00
  -1.7278800e+00
  -1.7750000e+00
  -1.8221200e+00
  -1.8661100e+00
  -1.9069500e+00
  -1.9446500e+00
  -1.9823400e+00
  -2.0169000e+00
  -2.0483200e+00
  -2.0765900e+00
  -2.1017300e+00
  -2.1268600e+00
  -2.1488500e+00
  -2.1708400e+00
  -2.1865500e+00
  -2.2022600e+00
  -2.2179600e+00
  -2.2305300e+00
  -2.2399600e+00
  -2.2493800e+00
  -2.2525200e+00
  -2.2556600e+00
  -2.2588000e+00
  -2.2556600e+00
  -2.2525200e+00
  -2.2462400e+00
  -2.2399600e+00
  -2.2305300e+00
  -2.2211100e+00
  -2.2085400e+00
  -2.1928300e+00
  -2.1771200e+00
  -2.1582700e+00
  -2.1362800e+00
  -2.1142900e+00
  -2.0860200e+00
  -2.0577400e+00
  -2.0294700e+00
  -1.9949100e+00
  -1.9603500e+00
  -1.9195100e+00
  -1.8786700e+00
  -1.8378300e+00
  -1.7938500e+00
  -1.7467300e+00
  -1.6964600e+00
  -1.6430500e+00
  -1.5865000e+00
  -1.5299600e+00
  -1.4702700e+00
  -1.4074300e+00
  -1.3414600e+00
  -1.2723400e+00
  -1.2000900e+00
  -1.1278300e+00
  -1.0524300e+00
  -9.7389400e-01
  -8.9535400e-01
  -8.1367200e-01
  -7.2884900e-01
  -6.4402600e-01
  -5.5920300e-01
  -4.7123900e-01
  -3.8013300e-01
  -2.9216800e-01
  -2.0106200e-01
  -1.0995600e-01
  -1.8849600e-02
   7.2256600e-02
   1.6336300e-01
   2.5446900e-01
   3.4557500e-01
   4.3354000e-01
   5.2150400e-01
   6.0946900e-01
   6.9429200e-01
   7.7911500e-01
   8.6079600e-01
   9.3933600e-01
   1.0178800e+00
   1.0901300e+00
   1.1655300e+00
   1.2346500e+00
   1.3037600e+00
   1.3697300e+00
   1.4325700e+00
   1.4922600e+00
   1.5488000e+00
   1.6053500e+00
   1.6587600e+00
   1.7090300e+00
   1.7561500e+00
   1.8001300e+00
   1.8441100e+00
   1.8818100e+00
   1.9195100e+00
   1.9540700e+00
   1.9854900e+00
   2.0169000e+00
   2.0420300e+00
   2.0671700e+00
   2.0891600e+00
   2.1080100e+00
   2.1268600e+00
   2.1425700e+00
   2.1551300e+00
   2.1677000e+00
   2.1771200e+00
   2.1865500e+00
   2.1896900e+00
   2.1928300e+00
   2.1959700e+00
   2.1959700e+00
   2.1928300e+00
   2.1865500e+00
   2.1802600e+00
   2.1708400e+00
   2.1582700e+00
   2.1425700e+00
   2.1268600e+00
   2.1080100e+00
   2.0860200e+00
   2.0640300e+00
   2.0357500e+00
   2.0074800e+00
   1.9792000e+00
   1.9446500e+00
   1.9100900e+00
   1.8755300e+00
   1.8346900e+00
   1.7907100e+00
   1.7467300e+00
   1.6996000e+00
   1.6493400e+00
   1.5959300e+00
   1.5425200e+00
   1.4859700e+00
   1.4262800e+00
   1.3634500e+00
   1.2974800e+00
   1.2283600e+00
   1.1592500e+00
   1.0869900e+00
   1.0115900e+00
   9.3305300e-01
   8.5451300e-01
   7.7283200e-01
   6.8800900e-01
   6.0632700e-01
   5.1836300e-01
   4.3039800e-01
   3.4243400e-01
   2.5446900e-01
   1.6336300e-01
   7.5398200e-02
  -1.5708000e-02
  -1.0681400e-01
  -1.9477900e-01
  -2.8588500e-01
  -3.7384900e-01
  -4.6181400e-01
  -5.4663700e-01
  -6.3146000e-01
  -7.1628300e-01
  -7.9796400e-01
  -8.7650400e-01
  -9.5504400e-01
  -1.0304400e+00
  -1.1027000e+00
  -1.1749600e+00
  -1.2440700e+00
  -1.3100400e+00
  -1.3728800e+00
  -1.4357100e+00
  -1.4922600e+00
  -1.5488000e+00
  -1.6022100e+00
  -1.6524800e+00
  -1.6996000e+00
  -1.7467300e+00
  -1.7875700e+00
  -1.8284100e+00
  -1.8661100e+00
  -1.9038000e+00
  -1.9352200e+00
  -1.9666400e+00
  -1.9949100e+00
  -2.0200400e+00
  -2.0420300e+00
  -2.0640300e+00
  -2.0828800e+00
  -2.0985800e+00
  -2.1111500e+00
  -2.1237200e+00
  -2.1331400e+00
  -2.1394200e+00
  -2.1457100e+00
  -2.1488500e+00
  -2.1519900e+00
  -2.1488500e+00
  -2.1457100e+00
  -2.1394200e+00
  -2.1331400e+00
  -2.1205700e+00
  -2.1080100e+00
  -2.0923000e+00
  -2.0734500e+00
  -2.0546000e+00
  -2.0326100e+00
  -2.0106200e+00
  -1.9823400e+00
  -1.9540700e+00
  -1.9226500e+00
  -1.8912400e+00
  -1.8566800e+00
  -1.8189800e+00
  -1.7781400e+00
  -1.7341600e+00
  -1.6870300e+00
  -1.6367700e+00
  -1.5833600e+00
  -1.5299600e+00
  -1.4734100e+00
  -1.4137200e+00
  -1.3540300e+00
  -1.2880500e+00
  -1.2220800e+00
  -1.1529600e+00
  -1.0807100e+00
  -1.0084500e+00
  -9.3305300e-01
  -8.5451300e-01
  -7.7597300e-01
  -6.9429200e-01
  -6.0946900e-01
  -5.2464600e-01
  -4.3668100e-01
  -3.5185800e-01
  -2.6389400e-01
  -1.7278800e-01
  -8.4823000e-02
   3.1415900e-03
   9.4247800e-02
   1.8221200e-01
   2.7017700e-01
   3.5814100e-01
   4.4296400e-01
   5.2778700e-01
   6.1261000e-01
   6.9743300e-01
   7.7911500e-01
   8.5765500e-01
   9.3305300e-01
   1.0084500e+00
   1.0807100e+00
   1.1498200e+00
   1.2189400e+00
   1.2849100e+00
   1.3477400e+00
   1.4074300e+00
   1.4639800e+00
   1.5205300e+00
   1.5708000e+00
   1.6210600e+00
   1.6713300e+00
   1.7153100e+00
   1.7592900e+00
   1.8001300e+00
   1.8346900e+00
   1.8692500e+00
   1.9006600e+00
   1.9320800e+00
   1.9572100e+00
   1.9823400e+00
   2.0043400e+00
   2.0231900e+00
   2.0420300e+00
   2.0546000e+00
   2.0671700e+00
   2.0765900e+00
   2.0860200e+00
   2.0923000e+00
   2.0954400e+00
   2.0954400e+00
   2.0954400e+00
   2.0923000e+00
   2.0891600e+00
   2.0828800e+00
   2.0703100e+00
   2.0577400e+00
   2.0451800e+00
   2.0294700e+00
   2.0074800e+00
   1.9854900e+00
   1.9635000e+00
   1.9352200e+00
   1.9069500e+00
   1.8755300e+00
   1.8409700e+00
   1.8032700e+00
   1.7624300e+00
   1.7215900e+00
   1.6776100e+00
   1.6304900e+00
   1.5802200e+00
   1.5299600e+00
   1.4765500e+00
   1.4168600e+00
   1.3603100e+00
   1.2974800e+00
   1.2315000e+00
   1.1655300e+00
   1.0964200e+00
   1.0241600e+00
   9.5190200e-01
   8.7650400e-01
   7.9796400e-01
   7.1942500e-01
   6.3460200e-01
   5.5292000e-01
   4.6809700e-01
   3.8327400e-01
   2.9531000e-01
   2.1048700e-01
   1.2252200e-01
   3.4557500e-02
  -5.3407100e-02
  -1.4137200e-01
  -2.2933600e-01
  -3.1415900e-01
  -4.0212400e-01
  -4.8694700e-01
  -5.7177000e-01
  -6.5345100e-01
  -7.3513300e-01
  -8.1367200e-01
  -8.8907100e-01
  -9.6132700e-01
  -1.0367300e+00
  -1.1058400e+00
  -1.1749600e+00
  -1.2409300e+00
  -1.3037600e+00
  -1.3634500e+00
  -1.4231400e+00
  -1.4765500e+00
  -1.5299600e+00
  -1.5833600e+00
  -1.6304900e+00
  -1.6744700e+00
  -1.7184500e+00
  -1.7592900e+00
  -1.7969900e+00
  -1.8284100e+00
  -1.8629600e+00
  -1.8912400e+00
  -1.9163700e+00
  -1.9415000e+00
  -1.9635000e+00
  -1.9823400e+00
  -2.0011900e+00
  -2.0169000e+00
  -2.0294700e+00
  -2.0388900e+00
  -2.0483200e+00
  -2.0546000e+00
  -2.0577400e+00
  -2.0577400e+00
  -2.0577400e+00
  -2.0546000e+00
  -2.0483200e+00
  -2.0388900e+00
  -2.0294700e+00
  -2.0169000e+00
  -2.0011900e+00
  -1.9854900e+00
  -1.9635000e+00
  -1.9415000e+00
  -1.9163700e+00
  -1.8881000e+00
  -1.8598200e+00
  -1.8252600e+00
  -1.7907100e+00
  -1.7530100e+00
  -1.7121700e+00
  -1.6713300e+00
  -1.6273400e+00
  -1.5770800e+00
  -1.5268100e+00
  -1.4765500e+00
  -1.4200000e+00
  -1.3634500e+00
  -1.3006200e+00
  -1.2377900e+00
  -1.1718100e+00
  -1.1058400e+00
  -1.0335800e+00
  -9.6132700e-01
  -8.8907100e-01
  -8.1053100e-01
  -7.3199100e-01
  -6.5345100e-01
  -5.7177000e-01
  -4.9008800e-01
  -4.0526500e-01
  -3.2044200e-01
  -2.3561900e-01
  -1.4765500e-01
  -6.2831800e-02
   2.5132700e-02
   1.1309700e-01
   1.9792000e-01
   2.8274300e-01
   3.6756600e-01
   4.5238900e-01
   5.3721200e-01
   6.1889400e-01
   7.0057500e-01
   7.7597300e-01
   8.5451300e-01
   9.2677000e-01
   9.9902600e-01
   1.0681400e+00
   1.1372600e+00
   1.2032300e+00
   1.2660600e+00
   1.3257500e+00
   1.3854400e+00
   1.4388500e+00
   1.4922600e+00
   1.5425200e+00
   1.5896500e+00
   1.6367700e+00
   1.6807500e+00
   1.7184500e+00
   1.7561500e+00
   1.7907100e+00
   1.8221200e+00
   1.8535400e+00
   1.8786700e+00
   1.9038000e+00
   1.9258000e+00
   1.9446500e+00
   1.9603500e+00
   1.9729200e+00
   1.9854900e+00
   1.9949100e+00
   2.0011900e+00
   2.0074800e+00
   2.0106200e+00
   2.0106200e+00
   2.0106200e+00
   2.0043400e+00
   1.9980500e+00
   1.9886300e+00
   1.9792000e+00
   1.9666400e+00
   1.9477900e+00
   1.9289400e+00
   1.9100900e+00
   1.8849600e+00
   1.8598200e+00
   1.8284100e+00
   1.7969900e+00
   1.7624300e+00
   1.7247300e+00
   1.6870300e+00
   1.6461900e+00
   1.6022100e+00
   1.5550900e+00
   1.5048200e+00
   1.4514200e+00
   1.3980100e+00
   1.3414600e+00
   1.2817700e+00
   1.2189400e+00
   1.1561100e+00
   1.0901300e+00
   1.0210200e+00
   9.4876100e-01
   8.7336300e-01
   7.9796400e-01
   7.2256600e-01
   6.4402600e-01
   5.6234500e-01
   4.8066400e-01
   3.9898200e-01
   3.1415900e-01
   2.2933600e-01
   1.4451300e-01
   5.9690200e-02
  -2.8274300e-02
  -1.1309700e-01
  -1.9792000e-01
  -2.8274300e-01
  -3.6756600e-01
  -4.4924800e-01
  -5.3092900e-01
  -6.1261000e-01
  -6.9115000e-01
  -7.6969000e-01
  -8.4508800e-01
  -9.1734500e-01
  -9.8960100e-01
  -1.0587200e+00
  -1.1246900e+00
  -1.1906600e+00
  -1.2535000e+00
  -1.3131900e+00
  -1.3697300e+00
  -1.4231400e+00
  -1.4765500e+00
  -1.5236700e+00
  -1.5708000e+00
  -1.6147800e+00
  -1.6587600e+00
  -1.6964600e+00
  -1.7341600e+00
  -1.7687200e+00
  -1.8001300e+00
  -1.8284100e+00
  -1.8535400e+00
  -1.8786700e+00
  -1.9006600e+00
  -1.9163700e+00
  -1.9352200e+00
  -1.9477900e+00
  -1.9572100e+00
  -1.9666400e+00
  -1.9729200e+00
  -1.9760600e+00
  -1.9760600e+00
  -1.9760600e+00
  -1.9729200e+00
  -1.9666400e+00
  -1.9603500e+00
  -1.9509300e+00
  -1.9383600e+00
  -1.9226500e+00
  -1.9069500e+00
  -1.8849600e+00
  -1.8629600e+00
  -1.8378300e+00
  -1.8095600e+00
  -1.7781400e+00
  -1.7435800e+00
  -1.7090300e+00
  -1.6713300e+00
  -1.6304900e+00
  -1.5865000e+00
  -1.5393800e+00
  -1.4922600e+00
  -1.4419900e+00
  -1.3885800e+00
  -1.3320400e+00
  -1.2723400e+00
  -1.2126500e+00
  -1.1498200e+00
  -1.0838500e+00
  -1.0147300e+00
  -9.4561900e-01
  -8.7022100e-01
  -7.9796400e-01
  -7.1942500e-01
  -6.4402600e-01
  -5.6234500e-01
  -4.8380500e-01
  -4.0212400e-01
  -3.1730100e-01
  -2.3561900e-01
  -1.5079600e-01
  -6.5973400e-02
   1.8849600e-02
   1.0367300e-01
   1.8849600e-01
   2.7017700e-01
   3.5500000e-01
   4.3668100e-01
   5.1522100e-01
   5.9690200e-01
   6.7544200e-01
   7.5084000e-01
   8.2623900e-01
   8.9849500e-01
   9.7075200e-01
   1.0367300e+00
   1.1058400e+00
   1.1686700e+00
   1.2283600e+00
   1.2880500e+00
   1.3446000e+00
   1.3980100e+00
   1.4514200e+00
   1.4985400e+00
   1.5456600e+00
   1.5896500e+00
   1.6304900e+00
   1.6681900e+00
   1.7058800e+00
   1.7373000e+00
   1.7687200e+00
   1.7969900e+00
   1.8221200e+00
   1.8441100e+00
   1.8661100e+00
   1.8818100e+00
   1.8975200e+00
   1.9100900e+00
   1.9195100e+00
   1.9289400e+00
   1.9320800e+00
   1.9352200e+00
   1.9352200e+00
   1.9352200e+00
   1.9289400e+00
   1.9226500e+00
   1.9132300e+00
   1.9006600e+00
   1.8881000e+00
   1.8723900e+00
   1.8535400e+00
   1.8315500e+00
   1.8064200e+00
   1.7812800e+00
   1.7530100e+00
   1.7184500e+00
   1.6838900e+00
   1.6461900e+00
   1.6085000e+00
   1.5645100e+00
   1.5173900e+00
   1.4702700e+00
   1.4200000e+00
   1.3697300e+00
   1.3131900e+00
   1.2566400e+00
   1.1969500e+00
   1.1341100e+00
   1.0681400e+00
   1.0021700e+00
   9.3305300e-01
   8.6079600e-01
   7.8854000e-01
   7.1314100e-01
   6.3460200e-01
   5.5606200e-01
   4.7752200e-01
   3.9584100e-01
   3.1415900e-01
   2.3247800e-01
   1.4765500e-01
   6.5973400e-02
  -1.8849600e-02
  -1.0053100e-01
  -1.8535400e-01
  -2.6703500e-01
  -3.4871700e-01
  -4.3039800e-01
  -5.1207900e-01
  -5.9061900e-01
  -6.6601800e-01
  -7.4141600e-01
  -8.1681400e-01
  -8.8907100e-01
  -9.5818600e-01
  -1.0241600e+00
  -1.0901300e+00
  -1.1561100e+00
  -1.2158000e+00
  -1.2723400e+00
  -1.3288900e+00
  -1.3823000e+00
  -1.4325700e+00
  -1.4828300e+00
  -1.5268100e+00
  -1.5739400e+00
  -1.6116400e+00
  -1.6493400e+00
  -1.6838900e+00
  -1.7184500e+00
  -1.7467300e+00
  -1.7750000e+00
  -1.8001300e+00
  -1.8189800e+00
  -1.8409700e+00
  -1.8566800e+00
  -1.8692500e+00
  -1.8818100e+00
  -1.8912400e+00
  -1.8975200e+00
  -1.9038000e+00
  -1.9038000e+00
  -1.9038000e+00
  -1.9038000e+00
  -1.8975200e+00
  -1.8912400e+00
  -1.8818100e+00
  -1.8692500e+00
  -1.8535400e+00
  -1.8346900e+00
  -1.8158400e+00
  -1.7938500e+00
  -1.7655700e+00
  -1.7373000e+00
  -1.7058800e+00
  -1.6744700e+00
  -1.6367700e+00
  -1.5990700e+00
  -1.5582300e+00
  -1.5142500e+00
  -1.4702700e+00
  -1.4200000e+00
  -1.3697300e+00
  -1.3131900e+00
  -1.2597800e+00
  -1.2000900e+00
  -1.1372600e+00
  -1.0744200e+00
  -1.0084500e+00
  -9.4247800e-01
  -8.7022100e-01
  -7.9796400e-01
  -7.2570800e-01
  -6.5031000e-01
  -5.7177000e-01
  -4.9323000e-01
  -4.1469000e-01
  -3.3300900e-01
  -2.5132700e-01
  -1.6964600e-01
  -8.7964600e-02
  -6.2831800e-03
   7.5398200e-02
   1.6022100e-01
   2.4190300e-01
   3.2358400e-01
   4.0212400e-01
   4.8066400e-01
   5.5920300e-01
   6.3774300e-01
   7.1314100e-01
   7.8539800e-01
   8.5765500e-01
   9.2677000e-01
   9.9274300e-01
   1.0587200e+00
   1.1215500e+00
   1.1843800e+00
   1.2409300e+00
   1.2974800e+00
   1.3508800e+00
   1.4011500e+00
   1.4482700e+00
   1.4954000e+00
   1.5362400e+00
   1.5770800e+00
   1.6147800e+00
   1.6493400e+00
   1.6838900e+00
   1.7121700e+00
   1.7404400e+00
   1.7655700e+00
   1.7844200e+00
   1.8064200e+00
   1.8221200e+00
   1.8378300e+00
   1.8472600e+00
   1.8566800e+00
   1.8629600e+00
   1.8661100e+00
   1.8692500e+00
   1.8692500e+00
   1.8629600e+00
   1.8566800e+00
   1.8504000e+00
   1.8378300e+00
   1.8252600e+00
   1.8127000e+00
   1.7938500e+00
   1.7718600e+00
   1.7498700e+00
   1.7247300e+00
   1.6933200e+00
   1.6650400e+00
   1.6304900e+00
   1.5927900e+00
   1.5550900e+00
   1.5111100e+00
   1.4671200e+00
   1.4200000e+00
   1.3697300e+00
   1.3194700e+00
   1.2629200e+00
   1.2063700e+00
   1.1466800e+00
   1.0869900e+00
   1.0210200e+00
   9.5504400e-01
   8.8592900e-01
   8.1681400e-01
   7.4455700e-01
   6.6915900e-01
   5.9376100e-01
   5.1836300e-01
   4.3982300e-01
   3.6128300e-01
   2.7960200e-01
   1.9792000e-01
   1.1938000e-01
   3.7699100e-02
  -4.3982300e-02
  -1.2566400e-01
  -2.0734500e-01
  -2.8902600e-01
  -3.6756600e-01
  -4.4610600e-01
  -5.2464600e-01
  -6.0004400e-01
  -6.7544200e-01
  -7.4769900e-01
  -8.1995600e-01
  -8.8907100e-01
  -9.5818600e-01
  -1.0241600e+00
  -1.0869900e+00
  -1.1466800e+00
  -1.2063700e+00
  -1.2597800e+00
  -1.3131900e+00
  -1.3665900e+00
  -1.4137200e+00
  -1.4608400e+00
  -1.5016800e+00
  -1.5456600e+00
  -1.5833600e+00
  -1.6179200e+00
  -1.6524800e+00
  -1.6807500e+00
  -1.7090300e+00
  -1.7341600e+00
  -1.7561500e+00
  -1.7750000e+00
  -1.7938500e+00
  -1.8064200e+00
  -1.8189800e+00
  -1.8284100e+00
  -1.8346900e+00
  -1.8378300e+00
  -1.8409700e+00
  -1.8409700e+00
  -1.8378300e+00
  -1.8315500e+00
  -1.8252600e+00
  -1.8127000e+00
  -1.8032700e+00
  -1.7875700e+00
  -1.7687200e+00
  -1.7467300e+00
  -1.7247300e+00
  -1.6964600e+00
  -1.6681900e+00
  -1.6367700e+00
  -1.6022100e+00
  -1.5645100e+00
  -1.5268100e+00
  -1.4859700e+00
  -1.4388500e+00
  -1.3948700e+00
  -1.3446000e+00
  -1.2911900e+00
  -1.2377900e+00
  -1.1812400e+00
  -1.1215500e+00
  -1.0587200e+00
  -9.9588500e-01
  -9.2991100e-01
  -8.6079600e-01
  -7.9168100e-01
  -7.1942500e-01
  -6.4716800e-01
  -5.7177000e-01
  -4.9637200e-01
  -4.1783200e-01
  -3.3929200e-01
  -2.6075200e-01
  -1.7907100e-01
  -1.0053100e-01
  -1.8849600e-02
   6.2831800e-02
   1.4137200e-01
   2.2305300e-01
   3.0159300e-01
   3.8013300e-01
   4.5867200e-01
   5.3407100e-01
   6.0946900e-01
   6.8486700e-01
   7.5398200e-01
   8.2623900e-01
   8.9535400e-01
   9.6132700e-01
   1.0241600e+00
   1.0869900e+00
   1.1466800e+00
   1.2032300e+00
   1.2566400e+00
   1.3100400e+00
   1.3603100e+00
   1.4074300e+00
   1.4514200e+00
   1.4922600e+00
   1.5331000e+00
   1.5708000e+00
   1.6022100e+00
   1.6336300e+00
   1.6619000e+00
   1.6901800e+00
   1.7121700e+00
   1.7341600e+00
   1.7530100e+00
   1.7687200e+00
   1.7812800e+00
   1.7907100e+00
   1.8001300e+00
   1.8064200e+00
   1.8064200e+00
   1.8064200e+00
   1.8032700e+00
   1.8001300e+00
   1.7938500e+00
   1.7812800e+00
   1.7687200e+00
   1.7561500e+00
   1.7373000e+00
   1.7184500e+00
   1.6964600e+00
   1.6713300e+00
   1.6430500e+00
   1.6147800e+00
   1.5802200e+00
   1.5456600e+00
   1.5079600e+00
   1.4671200e+00
   1.4231400e+00
   1.3760200e+00
   1.3257500e+00
   1.2754900e+00
   1.2220800e+00
   1.1655300e+00
   1.1089800e+00
   1.0461500e+00
   9.8331800e-01
   9.1734500e-01
   8.5137100e-01
   7.8225600e-01
   7.1314100e-01
   6.3774300e-01
   5.6548700e-01
   4.9008800e-01
   4.1154900e-01
   3.3615000e-01
   2.5761100e-01
   1.7907100e-01
   9.7389400e-02
   1.8849600e-02
  -5.9690200e-02
  -1.4137200e-01
  -2.1991100e-01
  -2.9845100e-01
  -3.7699100e-01
  -4.5238900e-01
  -5.2778700e-01
  -6.0318600e-01
  -6.7544200e-01
  -7.4769900e-01
  -8.1681400e-01
  -8.8278700e-01
  -9.4876100e-01
  -1.0115900e+00
  -1.0744200e+00
  -1.1309700e+00
  -1.1875200e+00
  -1.2440700e+00
  -1.2943400e+00
  -1.3446000e+00
  -1.3885800e+00
  -1.4357100e+00
  -1.4765500e+00
  -1.5142500e+00
  -1.5488000e+00
  -1.5833600e+00
  -1.6147800e+00
  -1.6430500e+00
  -1.6681900e+00
  -1.6901800e+00
  -1.7121700e+00
  -1.7278800e+00
  -1.7435800e+00
  -1.7561500e+00
  -1.7655700e+00
  -1.7750000e+00
  -1.7781400e+00
  -1.7812800e+00
  -1.7812800e+00
  -1.7781400e+00
  -1.7750000e+00
  -1.7687200e+00
  -1.7592900e+00
  -1.7435800e+00
  -1.7278800e+00
  -1.7121700e+00
  -1.6870300e+00
  -1.6650400e+00
  -1.6367700e+00
  -1.6085000e+00
  -1.5770800e+00
  -1.5456600e+00
  -1.5079600e+00
  -1.4702700e+00
  -1.4262800e+00
  -1.3823000e+00
  -1.3351800e+00
  -1.2880500e+00
  -1.2346500e+00
  -1.1812400e+00
  -1.1246900e+00
  -1.0650000e+00
  -1.0053100e+00
  -9.4247800e-01
  -8.7650400e-01
  -8.0738900e-01
  -7.3827400e-01
  -6.6915900e-01
  -5.9376100e-01
  -5.2150400e-01
  -4.4610600e-01
  -3.7070800e-01
  -2.9216800e-01
  -2.1362800e-01
  -1.3508800e-01
  -5.6548700e-02
   2.1991100e-02
   1.0053100e-01
   1.7907100e-01
   2.5761100e-01
   3.3300900e-01
   4.1154900e-01
   4.8694700e-01
   5.5920300e-01
   6.3146000e-01
   7.0371700e-01
   7.7283200e-01
   8.4194700e-01
   9.0792000e-01
   9.7075200e-01
   1.0304400e+00
   1.0901300e+00
   1.1466800e+00
   1.2032300e+00
   1.2535000e+00
   1.3037600e+00
   1.3508800e+00
   1.3948700e+00
   1.4357100e+00
   1.4765500e+00
   1.5142500e+00
   1.5456600e+00
   1.5770800e+00
   1.6053500e+00
   1.6336300e+00
   1.6556200e+00
   1.6776100e+00
   1.6964600e+00
   1.7121700e+00
   1.7247300e+00
   1.7341600e+00
   1.7435800e+00
   1.7498700e+00
   1.7498700e+00
   1.7498700e+00
   1.7467300e+00
   1.7435800e+00
   1.7341600e+00
   1.7247300e+00
   1.7121700e+00
   1.6964600e+00
   1.6776100e+00
   1.6587600e+00
   1.6367700e+00
   1.6116400e+00
   1.5833600e+00
   1.5519500e+00
   1.5173900e+00
   1.4828300e+00
   1.4451300e+00
   1.4011500e+00
   1.3571700e+00
   1.3100400e+00
   1.2629200e+00
   1.2095100e+00
   1.1561100e+00
   1.0995600e+00
   1.0430100e+00
   9.8017700e-01
   9.1734500e-01
   8.5451300e-01
   7.8539800e-01
   7.1628300e-01
   6.4716800e-01
   5.7491100e-01
   5.0265500e-01
   4.2725700e-01
   3.5185800e-01
   2.7646000e-01
   1.9792000e-01
   1.1938000e-01
   4.3982300e-02
  -3.4557500e-02
  -1.1309700e-01
  -1.9163700e-01
  -2.6703500e-01
  -3.4243400e-01
  -4.1783200e-01
  -4.9323000e-01
  -5.6548700e-01
  -6.3774300e-01
  -7.0685800e-01
  -7.7597300e-01
  -8.4194700e-01
  -9.0792000e-01
  -9.7075200e-01
  -1.0304400e+00
  -1.0901300e+00
  -1.1435400e+00
  -1.1969500e+00
  -1.2503500e+00
  -1.2974800e+00
  -1.3446000e+00
  -1.3854400e+00
  -1.4262800e+00
  -1.4671200e+00
  -1.5016800e+00
  -1.5331000e+00
  -1.5645100e+00
  -1.5927900e+00
  -1.6179200e+00
  -1.6399100e+00
  -1.6619000e+00
  -1.6776100e+00
  -1.6933200e+00
  -1.7027400e+00
  -1.7153100e+00
  -1.7215900e+00
  -1.7247300e+00
  -1.7278800e+00
  -1.7278800e+00
  -1.7247300e+00
  -1.7184500e+00
  -1.7090300e+00
  -1.6996000e+00
  -1.6870300e+00
  -1.6713300e+00
  -1.6493400e+00
  -1.6273400e+00
  -1.6022100e+00
  -1.5770800e+00
  -1.5456600e+00
  -1.5142500e+00
  -1.4796900e+00
  -1.4419900e+00
  -1.4011500e+00
  -1.3603100e+00
  -1.3131900e+00
  -1.2660600e+00
  -1.2189400e+00
  -1.1655300e+00
  -1.1089800e+00
  -1.0524300e+00
  -9.9274300e-01
  -9.3305300e-01
  -8.6707900e-01
  -8.0424800e-01
  -7.3513300e-01
  -6.6601800e-01
  -5.9690200e-01
  -5.2464600e-01
  -4.5238900e-01
  -3.7699100e-01
  -3.0159300e-01
  -2.2619500e-01
  -1.4765500e-01
  -7.2256600e-02
   6.2831800e-03
   8.1681400e-02
   1.6022100e-01
   2.3561900e-01
   3.1101800e-01
   3.8641600e-01
   4.5867200e-01
   5.3407100e-01
   6.0318600e-01
   6.7544200e-01
   7.4141600e-01
   8.0738900e-01
   8.7336300e-01
   9.3619400e-01
   9.9588500e-01
   1.0555700e+00
   1.1121200e+00
   1.1655300e+00
   1.2158000e+00
   1.2629200e+00
   1.3100400e+00
   1.3540300e+00
   1.3948700e+00
   1.4325700e+00
   1.4702700e+00
   1.5048200e+00
   1.5331000e+00
   1.5613700e+00
   1.5865000e+00
   1.6116400e+00
   1.6304900e+00
   1.6493400e+00
   1.6619000e+00
   1.6744700e+00
   1.6870300e+00
   1.6933200e+00
   1.6964600e+00
   1.6996000e+00
   1.6964600e+00
   1.6933200e+00
   1.6870300e+00
   1.6776100e+00
   1.6681900e+00
   1.6556200e+00
   1.6367700e+00
   1.6179200e+00
   1.5959300e+00
   1.5739400e+00
   1.5488000e+00
   1.5205300e+00
   1.4891100e+00
   1.4545600e+00
   1.4168600e+00
   1.3760200e+00
   1.3320400e+00
   1.2880500e+00
   1.2409300e+00
   1.1906600e+00
   1.1404000e+00
   1.0838500e+00
   1.0273000e+00
   9.6761000e-01
   9.0792000e-01
   8.4508800e-01
   7.7911500e-01
   7.1314100e-01
   6.4402600e-01
   5.7491100e-01
   5.0265500e-01
   4.3039800e-01
   3.5500000e-01
   2.8274300e-01
   2.0734500e-01
   1.2880500e-01
   5.3407100e-02
  -2.1991100e-02
  -9.7389400e-02
  -1.7278800e-01
  -2.4818600e-01
  -3.2358400e-01
  -3.9898200e-01
  -4.7123900e-01
  -5.4349500e-01
  -6.1261000e-01
  -6.8172500e-01
  -7.4769900e-01
  -8.1367200e-01
  -8.7650400e-01
  -9.3933600e-01
  -9.9902600e-01
  -1.0555700e+00
  -1.1089800e+00
  -1.1623900e+00
  -1.2126500e+00
  -1.2597800e+00
  -1.3069000e+00
  -1.3477400e+00
  -1.3885800e+00
  -1.4262800e+00
  -1.4608400e+00
  -1.4922600e+00
  -1.5236700e+00
  -1.5488000e+00
  -1.5739400e+00
  -1.5959300e+00
  -1.6147800e+00
  -1.6304900e+00
  -1.6461900e+00
  -1.6556200e+00
  -1.6650400e+00
  -1.6713300e+00
  -1.6744700e+00
  -1.6744700e+00
  -1.6744700e+00
  -1.6713300e+00
  -1.6650400e+00
  -1.6524800e+00
  -1.6430500e+00
  -1.6273400e+00
  -1.6085000e+00
  -1.5896500e+00
  -1.5676500e+00
  -1.5425200e+00
  -1.5142500e+00
  -1.4828300e+00
  -1.4514200e+00
  -1.4137200e+00
  -1.3760200e+00
  -1.3351800e+00
  -1.2943400e+00
  -1.2472100e+00
  -1.2000900e+00
  -1.1466800e+00
  -1.0964200e+00
  -1.0398700e+00
  -9.8331800e-01
  -9.2362800e-01
  -8.6079600e-01
  -7.9796400e-01
  -7.3199100e-01
  -6.6601800e-01
  -5.9690200e-01
  -5.2464600e-01
  -4.5553100e-01
  -3.8013300e-01
  -3.0787600e-01
  -2.3247800e-01
  -1.5708000e-01
  -8.4823000e-02
  -9.4247800e-03
   6.5973400e-02
   1.4137200e-01
   2.1677000e-01
   2.9216800e-01
   3.6442500e-01
   4.3668100e-01
   5.0893800e-01
   5.7805300e-01
   6.4716800e-01
   7.1314100e-01
   7.7911500e-01
   8.4194700e-01
   9.0477800e-01
   9.6446900e-01
   1.0210200e+00
   1.0744200e+00
   1.1278300e+00
   1.1781000e+00
   1.2252200e+00
   1.2723400e+00
   1.3163300e+00
   1.3571700e+00
   1.3948700e+00
   1.4294200e+00
   1.4639800e+00
   1.4922600e+00
   1.5205300e+00
   1.5456600e+00
   1.5676500e+00
   1.5865000e+00
   1.6022100e+00
   1.6179200e+00
   1.6304900e+00
   1.6399100e+00
   1.6461900e+00
   1.6493400e+00
   1.6493400e+00
   1.6461900e+00
   1.6430500e+00
   1.6367700e+00
   1.6273400e+00
   1.6147800e+00
   1.5990700e+00
   1.5833600e+00
   1.5645100e+00
   1.5425200e+00
   1.5173900e+00
   1.4922600e+00
   1.4608400e+00
   1.4294200e+00
   1.3917300e+00
   1.3540300e+00
   1.3131900e+00
   1.2692000e+00
   1.2252200e+00
   1.1781000e+00
   1.1278300e+00
   1.0744200e+00
   1.0178800e+00
   9.6132700e-01
   9.0163700e-01
   8.4194700e-01
   7.7911500e-01
   7.1314100e-01
   6.4716800e-01
   5.7805300e-01
   5.0893800e-01
   4.3982300e-01
   3.6756600e-01
   2.9531000e-01
   2.1991100e-01
   1.4765500e-01
   7.2256600e-02
  -3.1415900e-03
  -7.5398200e-02
  -1.5079600e-01
  -2.2619500e-01
  -2.9845100e-01
  -3.7070800e-01
  -4.4296400e-01
  -5.1207900e-01
  -5.8119500e-01
  -6.4716800e-01
  -7.1628300e-01
  -7.7911500e-01
  -8.4194700e-01
  -9.0163700e-01
  -9.6132700e-01
  -1.0178800e+00
  -1.0712800e+00
  -1.1246900e+00
  -1.1718100e+00
  -1.2189400e+00
  -1.2629200e+00
  -1.3069000e+00
  -1.3477400e+00
  -1.3823000e+00
  -1.4168600e+00
  -1.4482700e+00
  -1.4796900e+00
  -1.5048200e+00
  -1.5299600e+00
  -1.5519500e+00
  -1.5708000e+00
  -1.5865000e+00
  -1.5990700e+00
  -1.6116400e+00
  -1.6179200e+00
  -1.6242000e+00
  -1.6273400e+00
  -1.6273400e+00
  -1.6273400e+00
  -1.6210600e+00
  -1.6147800e+00
  -1.6053500e+00
  -1.5927900e+00
  -1.5770800e+00
  -1.5613700e+00
  -1.5393800e+00
  -1.5173900e+00
  -1.4922600e+00
  -1.4608400e+00
  -1.4294200e+00
  -1.3948700e+00
  -1.3603100e+00
  -1.3226100e+00
  -1.2817700e+00
  -1.2377900e+00
  -1.1906600e+00
  -1.1435400e+00
  -1.0901300e+00
  -1.0367300e+00
  -9.8331800e-01
  -9.2362800e-01
  -8.6707900e-01
  -8.0424800e-01
  -7.4141600e-01
  -6.7544200e-01
  -6.0946900e-01
  -5.4035400e-01
  -4.7123900e-01
  -4.0212400e-01
  -3.2986700e-01
  -2.5761100e-01
  -1.8221200e-01
  -1.0995600e-01
  -3.7699100e-02
   3.7699100e-02
   1.0995600e-01
   1.8221200e-01
   2.5761100e-01
   3.2986700e-01
   3.9898200e-01
   4.7123900e-01
   5.4035400e-01
   6.0632700e-01
   6.7230100e-01
   7.3827400e-01
   8.0110600e-01
   8.6079600e-01
   9.2048600e-01
   9.7703500e-01
   1.0304400e+00
   1.0838500e+00
   1.1341100e+00
   1.1812400e+00
   1.2252200e+00
   1.2692000e+00
   1.3100400e+00
   1.3477400e+00
   1.3854400e+00
   1.4168600e+00
   1.4482700e+00
   1.4734100e+00
   1.4985400e+00
   1.5205300e+00
   1.5393800e+00
   1.5550900e+00
   1.5708000e+00
   1.5802200e+00
   1.5896500e+00
   1.5959300e+00
   1.6022100e+00
   1.6022100e+00
   1.6022100e+00
   1.5990700e+00
   1.5896500e+00
   1.5802200e+00
   1.5676500e+00
   1.5550900e+00
   1.5362400e+00
   1.5173900e+00
   1.4954000e+00
   1.4702700e+00
   1.4419900e+00
   1.4137200e+00
   1.3823000e+00
   1.3446000e+00
   1.3069000e+00
   1.2692000e+00
   1.2252200e+00
   1.1781000e+00
   1.1309700e+00
   1.0807100e+00
   1.0273000e+00
   9.7389400e-01
   9.1734500e-01
   8.5765500e-01
   7.9796400e-01
   7.3513300e-01
   6.6915900e-01
   6.0318600e-01
   5.3721200e-01
   4.6809700e-01
   3.9898200e-01
   3.2672600e-01
   2.5761100e-01
   1.8535400e-01
   1.1309700e-01
   4.0840700e-02
  -3.4557500e-02
  -1.0681400e-01
  -1.7907100e-01
  -2.5132700e-01
  -3.2044200e-01
  -3.9269900e-01
  -4.6181400e-01
  -5.3092900e-01
  -5.9690200e-01
  -6.6287600e-01
  -7.2570800e-01
  -7.8854000e-01
  -8.4823000e-01
  -9.0792000e-01
  -9.6446900e-01
  -1.0178800e+00
  -1.0712800e+00
  -1.1184100e+00
  -1.1655300e+00
  -1.2126500e+00
  -1.2535000e+00
  -1.2943400e+00
  -1.3320400e+00
  -1.3665900e+00
  -1.3980100e+00
  -1.4294200e+00
  -1.4545600e+00
  -1.4796900e+00
  -1.5016800e+00
  -1.5205300e+00
  -1.5362400e+00
  -1.5519500e+00
  -1.5645100e+00
  -1.5708000e+00
  -1.5770800e+00
  -1.5802200e+00
  -1.5833600e+00
  -1.5802200e+00
  -1.5770800e+00
  -1.5708000e+00
  -1.5613700e+00
  -1.5488000e+00
  -1.5331000e+00
  -1.5142500e+00
  -1.4954000e+00
  -1.4734100e+00
  -1.4514200e+00
  -1.4231400e+00
  -1.3917300e+00
  -1.3603100e+00
  -1.3226100e+00
  -1.2849100e+00
  -1.2440700e+00
  -1.2000900e+00
  -1.1529600e+00
  -1.1058400e+00
  -1.0555700e+00
  -1.0053100e+00
  -9.4876100e-01
  -8.9221200e-01
  -8.3252200e-01
  -7.7283200e-01
  -7.1000000e-01
  -6.4716800e-01
  -5.8119500e-01
  -5.1522100e-01
  -4.4610600e-01
  -3.7699100e-01
  -3.0787600e-01
  -2.3561900e-01
  -1.6336300e-01
  -9.1106200e-02
  -1.8849600e-02
   5.3407100e-02
   1.2252200e-01
   1.9477900e-01
   2.6703500e-01
   3.3615000e-01
   4.0526500e-01
   4.7438000e-01
   5.4349500e-01
   6.0946900e-01
   6.7230100e-01
   7.3513300e-01
   7.9796400e-01
   8.5765500e-01
   9.1420300e-01
   9.6761000e-01
   1.0210200e+00
   1.0712800e+00
   1.1184100e+00
   1.1655300e+00
   1.2095100e+00
   1.2503500e+00
   1.2880500e+00
   1.3257500e+00
   1.3571700e+00
   1.3885800e+00
   1.4200000e+00
   1.4451300e+00
   1.4671200e+00
   1.4891100e+00
   1.5079600e+00
   1.5205300e+00
   1.5331000e+00
   1.5456600e+00
   1.5519500e+00
   1.5550900e+00
   1.5582300e+00
   1.5582300e+00
   1.5550900e+00
   1.5488000e+00
   1.5393800e+00
   1.5299600e+00
   1.5173900e+00
   1.5016800e+00
   1.4828300e+00
   1.4639800e+00
   1.4388500e+00
   1.4137200e+00
   1.3823000e+00
   1.3508800e+00
   1.3163300e+00
   1.2817700e+00
   1.2409300e+00
   1.2000900e+00
   1.1561100e+00
   1.1089800e+00
   1.0618600e+00
   1.0084500e+00
   9.5504400e-01
   9.0163700e-01
   8.4194700e-01
   7.8539800e-01
   7.2256600e-01
   6.5973400e-01
   5.9690200e-01
   5.3092900e-01
   4.6181400e-01
   3.9584100e-01
   3.2672600e-01
   2.5446900e-01
   1.8535400e-01
   1.1309700e-01
   4.3982300e-02
  -2.8274300e-02
  -1.0053100e-01
  -1.6964600e-01
  -2.4190300e-01
  -3.1101800e-01
  -3.8013300e-01
  -4.4924800e-01
  -5.1522100e-01
  -5.8119500e-01
  -6.4402600e-01
  -7.0685800e-01
  -7.6969000e-01
  -8.2623900e-01
  -8.8592900e-01
  -9.3933600e-01
  -9.9274300e-01
  -1.0430100e+00
  -1.0932700e+00
  -1.1404000e+00
  -1.1843800e+00
  -1.2252200e+00
  -1.2629200e+00
  -1.3006200e+00
  -1.3351800e+00
  -1.3697300e+00
  -1.3980100e+00
  -1.4231400e+00
  -1.4482700e+00
  -1.4671200e+00
  -1.4859700e+00
  -1.5016800e+00
  -1.5142500e+00
  -1.5236700e+00
  -1.5331000e+00
  -1.5362400e+00
  -1.5393800e+00
  -1.5393800e+00
  -1.5393800e+00
  -1.5331000e+00
  -1.5268100e+00
  -1.5142500e+00
  -1.5016800e+00
  -1.4859700e+00
  -1.4702700e+00
  -1.4514200e+00
  -1.4262800e+00
  -1.4011500e+00
  -1.3728800e+00
  -1.3414600e+00
  -1.3069000e+00
  -1.2692000e+00
  -1.2315000e+00
  -1.1906600e+00
  -1.1466800e+00
  -1.0995600e+00
  -1.0524300e+00
  -1.0021700e+00
  -9.4876100e-01
  -8.9535400e-01
  -8.3880500e-01
  -7.7911500e-01
  -7.1942500e-01
  -6.5659300e-01
  -5.9376100e-01
  -5.2778700e-01
  -4.6181400e-01
  -3.9584100e-01
  -3.2672600e-01
  -2.5761100e-01
  -1.8849600e-01
  -1.1623900e-01
  -4.7123900e-02
   2.5132700e-02
   9.4247800e-02
   1.6650400e-01
   2.3561900e-01
   3.0473400e-01
   3.7384900e-01
   4.3982300e-01
   5.0579600e-01
   5.7177000e-01
   6.3460200e-01
   6.9743300e-01
   7.5712400e-01
   8.1681400e-01
   8.7336300e-01
   9.2677000e-01
   9.8017700e-01
   1.0304400e+00
   1.0775700e+00
   1.1246900e+00
   1.1686700e+00
   1.2095100e+00
   1.2472100e+00
   1.2817700e+00
   1.3163300e+00
   1.3508800e+00
   1.3791600e+00
   1.4042900e+00
   1.4262800e+00
   1.4482700e+00
   1.4671200e+00
   1.4796900e+00
   1.4922600e+00
   1.5048200e+00
   1.5111100e+00
   1.5173900e+00
   1.5173900e+00
   1.5173900e+00
   1.5142500e+00
   1.5111100e+00
   1.5016800e+00
   1.4922600e+00
   1.4765500e+00
   1.4608400e+00
   1.4419900e+00
   1.4231400e+00
   1.3980100e+00
   1.3728800e+00
   1.3446000e+00
   1.3131900e+00
   1.2786300e+00
   1.2409300e+00
   1.2032300e+00
   1.1623900e+00
   1.1215500e+00
   1.0744200e+00
   1.0241600e+00
   9.7389400e-01
   9.2048600e-01
   8.6707900e-01
   8.1053100e-01
   7.5084000e-01
   6.9115000e-01
   6.2831800e-01
   5.6548700e-01
   5.0265500e-01
   4.3668100e-01
   3.6756600e-01
   2.9845100e-01
   2.3247800e-01
   1.6336300e-01
   9.4247800e-02
   2.1991100e-02
  -4.7123900e-02
  -1.1623900e-01
  -1.8535400e-01
  -2.5446900e-01
  -3.2358400e-01
  -3.9269900e-01
  -4.5867200e-01
  -5.2150400e-01
  -5.8747800e-01
  -6.5031000e-01
  -7.1000000e-01
  -7.6969000e-01
  -8.2623900e-01
  -8.8278700e-01
  -9.3619400e-01
  -9.8646000e-01
  -1.0367300e+00
  -1.0838500e+00
  -1.1278300e+00
  -1.1686700e+00
  -1.2095100e+00
  -1.2472100e+00
  -1.2817700e+00
  -1.3131900e+00
  -1.3446000e+00
  -1.3697300e+00
  -1.3948700e+00
  -1.4168600e+00
  -1.4357100e+00
  -1.4545600e+00
  -1.4671200e+00
  -1.4796900e+00
  -1.4891100e+00
  -1.4954000e+00
  -1.4985400e+00
  -1.5016800e+00
  -1.4985400e+00
  -1.4954000e+00
  -1.4891100e+00
  -1.4796900e+00
  -1.4671200e+00
  -1.4545600e+00
  -1.4388500e+00
  -1.4168600e+00
  -1.3948700e+00
  -1.3697300e+00
  -1.3446000e+00
  -1.3131900e+00
  -1.2817700e+00
  -1.2472100e+00
  -1.2095100e+00
  -1.1686700e+00
  -1.1278300e+00
  -1.0838500e+00
  -1.0367300e+00
  -9.8646000e-01
  -9.3619400e-01
  -8.8278700e-01
  -8.2623900e-01
  -7.6969000e-01
  -7.1000000e-01
  -6.5031000e-01
  -5.8747800e-01
  -5.2464600e-01
  -4.5867200e-01
  -3.9269900e-01
  -3.2672600e-01
  -2.5761100e-01
  -1.9163700e-01
  -1.2252200e-01
  -5.3407100e-02
   1.8849600e-02
   8.4823000e-02
   1.5393800e-01
   2.2305300e-01
   2.9216800e-01
   3.5814100e-01
   4.2411500e-01
   4.9008800e-01
   5.5292000e-01
   6.1575200e-01
   6.7544200e-01
   7.3513300e-01
   7.9482300e-01
   8.4823000e-01
   9.0163700e-01
   9.5504400e-01
   1.0053100e+00
   1.0524300e+00
   1.0964200e+00
   1.1404000e+00
   1.1781000e+00
   1.2158000e+00
   1.2535000e+00
   1.2849100e+00
   1.3163300e+00
   1.3446000e+00
   1.3697300e+00
   1.3917300e+00
   1.4137200e+00
   1.4294200e+00
   1.4451300e+00
   1.4577000e+00
   1.4671200e+00
   1.4734100e+00
   1.4765500e+00
   1.4796900e+00
   1.4796900e+00
   1.4765500e+00
   1.4702700e+00
   1.4608400e+00
   1.4514200e+00
   1.4357100e+00
   1.4200000e+00
   1.4011500e+00
   1.3791600e+00
   1.3540300e+00
   1.3288900e+00
   1.3006200e+00
   1.2692000e+00
   1.2346500e+00
   1.1969500e+00
   1.1592500e+00
   1.1184100e+00
   1.0744200e+00
   1.0273000e+00
   9.8017700e-01
   9.2991100e-01
   8.7650400e-01
   8.2309700e-01
   7.6654800e-01
   7.0685800e-01
   6.4716800e-01
   5.8747800e-01
   5.2464600e-01
   4.5867200e-01
   3.9269900e-01
   3.2672600e-01
   2.6075200e-01
   1.9477900e-01
   1.2566400e-01
   5.6548700e-02
  -1.2566400e-02
  -7.8539800e-02
  -1.4765500e-01
  -2.1677000e-01
  -2.8274300e-01
  -3.4871700e-01
  -4.1469000e-01
  -4.8066400e-01
  -5.4349500e-01
  -6.0632700e-01
  -6.6601800e-01
  -7.2256600e-01
  -7.8225600e-01
  -8.3566300e-01
  -8.8907100e-01
  -9.4247800e-01
  -9.8960100e-01
  -1.0367300e+00
  -1.0807100e+00
  -1.1246900e+00
  -1.1655300e+00
  -1.2032300e+00
  -1.2377900e+00
  -1.2692000e+00
  -1.3037600e+00
  -1.3320400e+00
  -1.3571700e+00
  -1.3760200e+00
  -1.3948700e+00
  -1.4137200e+00
  -1.4262800e+00
  -1.4388500e+00
  -1.4482700e+00
  -1.4577000e+00
  -1.4608400e+00
  -1.4639800e+00
  -1.4639800e+00
  -1.4608400e+00
  -1.4545600e+00
  -1.4451300e+00
  -1.4325700e+00
  -1.4200000e+00
  -1.4042900e+00
  -1.3854400e+00
  -1.3634500e+00
  -1.3383200e+00
  -1.3131900e+00
  -1.2849100e+00
  -1.2503500e+00
  -1.2189400e+00
  -1.1812400e+00
  -1.1435400e+00
  -1.0995600e+00
  -1.0587200e+00
  -1.0115900e+00
  -9.6446900e-01
  -9.1420300e-01
  -8.6079600e-01
  -8.0738900e-01
  -7.5084000e-01
  -6.9429200e-01
  -6.3460200e-01
  -5.7177000e-01
  -5.0893800e-01
  -4.4610600e-01
  -3.8013300e-01
  -3.1730100e-01
  -2.4818600e-01
  -1.8221200e-01
  -1.1623900e-01
  -4.7123900e-02
   2.1991100e-02
   8.7964600e-02
   1.5708000e-01
   2.2305300e-01
   2.8902600e-01
   3.5500000e-01
   4.2097300e-01
   4.8380500e-01
   5.4663700e-01
