   0.0000000e+00
   0.0000000e+00
   0.0000000e+00
   6.0000000e+01
   6.0000000e+01
   6.0000000e+01
   6.0000000e+01
   6.0000000e+01
   6.0000000e+01
   6.0000000e+01
   6.0000000e+01
   6.0000000e+01
   6.0000000e+01
   6.0000000e+01
   6.0000000e+01
   6.0000000e+01
   6.0000000e+01
   6.0000000e+01
   6.0000000e+01
   6.0000000e+01
   6.0000000e+01
   6.0000000e+01
   6.0000000e+01
   6.0000000e+01
   6.0000000e+01
   6.0000000e+01
   6.0000000e+01
   6.0000000e+01
   6.0000000e+01
   6.0000000e+01
   6.0000000e+01
   6.0000000e+01
   6.0000000e+01
   6.0000000e+01
   6.0000000e+01
   6.0000000e+01
   6.0000000e+01
   6.0000000e+01
   6.0000000e+01
   6.0000000e+01
   6.0000000e+01
   6.0000000e+01
   6.0000000e+01
   6.0000000e+01
   6.0000000e+01
   6.0000000e+01
   6.0000000e+01
   6.0000000e+01
   6.0000000e+01
   6.0000000e+01
   6.0000000e+01
   6.0000000e+01
   6.0000000e+01
   6.0000000e+01
  -6.0000000e+01
  -6.0000000e+01
  -6.0000000e+01
  -6.0000000e+01
  -6.0000000e+01
  -6.0000000e+01
  -6.0000000e+01
  -6.0000000e+01
  -6.0000000e+01
  -6.0000000e+01
  -6.0000000e+01
  -6.0000000e+01
  -6.0000000e+01
  -6.0000000e+01
  -6.0000000e+01
  -6.0000000e+01
  -6.0000000e+01
  -6.0000000e+01
  -6.0000000e+01
  -6.0000000e+01
  -6.0000000e+01
  -6.0000000e+01
  -6.0000000e+01
  -6.0000000e+01
  -6.0000000e+01
  -6.0000000e+01
  -6.0000000e+01
  -6.0000000e+01
  -6.0000000e+01
  -6.0000000e+01
  -6.0000000e+01
  -6.0000000e+01
  -6.0000000e+01
  -6.0000000e+01
  -6.0000000e+01
  -6.0000000e+01
  -6.0000000e+01
  -6.0000000e+01
  -6.0000000e+01
  -6.0000000e+01
  -6.0000000e+01
  -6.0000000e+01
  -6.0000000e+01
  -6.0000000e+01
  -6.0000000e+01
  -6.0000000e+01
  -6.0000000e+01
  -6.0000000e+01
  -6.0000000e+01
  -6.0000000e+01
  -6.0000000e+01
  -6.0000000e+01
  -6.0000000e+01
  -6.0000000e+01
  -6.0000000e+01
  -6.0000000e+01
  -6.0000000e+01
  -6.0000000e+01
  -6.0000000e+01
  -6.0000000e+01
  -6.0000000e+01
  -6.0000000e+01
  -6.0000000e+01
  -6.0000000e+01
   3.1829700e+01
   2.5904400e+01
   2.1267600e+01
   6.0000000e+01
   6.0000000e+01
   6.0000000e+01
   6.0000000e+01
   6.0000000e+01
   6.0000000e+01
   6.0000000e+01
   6.0000000e+01
   6.0000000e+01
   6.0000000e+01
   6.0000000e+01
   6.0000000e+01
   6.0000000e+01
   6.0000000e+01
   6.0000000e+01
   6.0000000e+01
   6.0000000e+01
   6.0000000e+01
   6.0000000e+01
   6.0000000e+01
   6.0000000e+01
   6.0000000e+01
   6.0000000e+01
   6.0000000e+01
   6.0000000e+01
   6.0000000e+01
   6.0000000e+01
   6.0000000e+01
   6.0000000e+01
   6.0000000e+01
   6.0000000e+01
   6.0000000e+01
   6.0000000e+01
   6.0000000e+01
   6.0000000e+01
   6.0000000e+01
   6.0000000e+01
   6.0000000e+01
   6.0000000e+01
   6.0000000e+01
   6.0000000e+01
   6.0000000e+01
   6.0000000e+01
   6.0000000e+01
   6.0000000e+01
   6.0000000e+01
   6.0000000e+01
   6.0000000e+01
   6.0000000e+01
   6.0000000e+01
   6.0000000e+01
   6.0000000e+01
   6.0000000e+01
   6.0000000e+01
   6.0000000e+01
   6.0000000e+01
   6.0000000e+01
   6.0000000e+01
   6.0000000e+01
   6.0000000e+01
   6.0000000e+01
  -6.0000000e+01
  -6.0000000e+01
  -6.0000000e+01
  -6.0000000e+01
  -6.0000000e+01
  -6.0000000e+01
  -6.0000000e+01
  -6.0000000e+01
  -6.0000000e+01
  -6.0000000e+01
  -6.0000000e+01
  -6.0000000e+01
  -6.0000000e+01
  -6.0000000e+01
  -6.0000000e+01
  -6.0000000e+01
  -6.0000000e+01
  -6.0000000e+01
  -6.0000000e+01
  -6.0000000e+01
  -6.0000000e+01
  -6.0000000e+01
  -6.0000000e+01
  -6.0000000e+01
  -6.0000000e+01
  -6.0000000e+01
  -6.0000000e+01
  -6.0000000e+01
  -6.0000000e+01
  -6.0000000e+01
  -6.0000000e+01
  -6.0000000e+01
  -6.0000000e+01
  -6.0000000e+01
  -6.0000000e+01
  -6.0000000e+01
  -6.0000000e+01
  -6.0000000e+01
  -6.0000000e+01
  -6.0000000e+01
  -6.0000000e+01
  -6.0000000e+01
  -6.0000000e+01
  -6.0000000e+01
  -6.0000000e+01
  -6.0000000e+01
  -6.0000000e+01
  -6.0000000e+01
  -6.0000000e+01
  -6.0000000e+01
  -6.0000000e+01
  -6.0000000e+01
  -6.0000000e+01
  -6.0000000e+01
  -6.0000000e+01
  -6.0000000e+01
  -6.0000000e+01
  -6.0000000e+01
  -6.0000000e+01
  -6.0000000e+01
  -6.0000000e+01
  -6.0000000e+01
   2.9093200e+01
   2.3313200e+01
   1.8769600e+01
   6.0000000e+01
   6.0000000e+01
   6.0000000e+01
   6.0000000e+01
   6.0000000e+01
   6.0000000e+01
   6.0000000e+01
   6.0000000e+01
   6.0000000e+01
   6.0000000e+01
   6.0000000e+01
   6.0000000e+01
   6.0000000e+01
   6.0000000e+01
   6.0000000e+01
   6.0000000e+01
   6.0000000e+01
   6.0000000e+01
   6.0000000e+01
   6.0000000e+01
   6.0000000e+01
   6.0000000e+01
   6.0000000e+01
   6.0000000e+01
   6.0000000e+01
   6.0000000e+01
   6.0000000e+01
   6.0000000e+01
   6.0000000e+01
   6.0000000e+01
   6.0000000e+01
   6.0000000e+01
   6.0000000e+01
   6.0000000e+01
   6.0000000e+01
   6.0000000e+01
   6.0000000e+01
   6.0000000e+01
   6.0000000e+01
   6.0000000e+01
   6.0000000e+01
   6.0000000e+01
   6.0000000e+01
   6.0000000e+01
   6.0000000e+01
   6.0000000e+01
   6.0000000e+01
   6.0000000e+01
   6.0000000e+01
   6.0000000e+01
   6.0000000e+01
   6.0000000e+01
   6.0000000e+01
   6.0000000e+01
   6.0000000e+01
   6.0000000e+01
   6.0000000e+01
   6.0000000e+01
   6.0000000e+01
   6.0000000e+01
   6.0000000e+01
  -6.0000000e+01
  -6.0000000e+01
  -6.0000000e+01
  -6.0000000e+01
  -6.0000000e+01
  -6.0000000e+01
  -6.0000000e+01
  -6.0000000e+01
  -6.0000000e+01
  -6.0000000e+01
  -6.0000000e+01
  -6.0000000e+01
  -6.0000000e+01
  -6.0000000e+01
  -6.0000000e+01
  -6.0000000e+01
  -6.0000000e+01
  -6.0000000e+01
  -6.0000000e+01
  -6.0000000e+01
  -6.0000000e+01
  -6.0000000e+01
  -6.0000000e+01
  -6.0000000e+01
  -6.0000000e+01
  -6.0000000e+01
  -6.0000000e+01
  -6.0000000e+01
  -6.0000000e+01
  -6.0000000e+01
  -6.0000000e+01
  -6.0000000e+01
  -6.0000000e+01
  -6.0000000e+01
  -6.0000000e+01
  -6.0000000e+01
  -6.0000000e+01
  -6.0000000e+01
  -6.0000000e+01
  -6.0000000e+01
  -6.0000000e+01
  -6.0000000e+01
  -6.0000000e+01
  -6.0000000e+01
  -6.0000000e+01
  -6.0000000e+01
  -6.0000000e+01
  -6.0000000e+01
  -6.0000000e+01
  -6.0000000e+01
  -6.0000000e+01
  -6.0000000e+01
  -6.0000000e+01
  -6.0000000e+01
  -6.0000000e+01
  -6.0000000e+01
  -6.0000000e+01
  -6.0000000e+01
  -6.0000000e+01
  -6.0000000e+01
  -6.0000000e+01
  -6.0000000e+01
  -6.0000000e+01
   3.1161300e+01
   2.5452200e+01
   6.0000000e+01
   6.0000000e+01
   6.0000000e+01
   6.0000000e+01
   6.0000000e+01
   6.0000000e+01
   6.0000000e+01
   6.0000000e+01
   6.0000000e+01
   6.0000000e+01
   6.0000000e+01
   6.0000000e+01
   6.0000000e+01
   6.0000000e+01
   6.0000000e+01
   6.0000000e+01
   6.0000000e+01
   6.0000000e+01
   6.0000000e+01
   6.0000000e+01
   6.0000000e+01
   6.0000000e+01
   6.0000000e+01
   6.0000000e+01
   6.0000000e+01
   6.0000000e+01
   6.0000000e+01
   6.0000000e+01
   6.0000000e+01
   6.0000000e+01
   6.0000000e+01
   6.0000000e+01
   6.0000000e+01
   6.0000000e+01
   6.0000000e+01
   6.0000000e+01
   6.0000000e+01
   6.0000000e+01
   6.0000000e+01
   6.0000000e+01
   6.0000000e+01
   6.0000000e+01
   6.0000000e+01
   6.0000000e+01
   6.0000000e+01
   6.0000000e+01
   6.0000000e+01
   6.0000000e+01
   6.0000000e+01
   6.0000000e+01
   6.0000000e+01
   6.0000000e+01
   6.0000000e+01
   6.0000000e+01
   6.0000000e+01
   6.0000000e+01
   6.0000000e+01
   6.0000000e+01
   6.0000000e+01
   6.0000000e+01
   6.0000000e+01
  -6.0000000e+01
  -6.0000000e+01
  -6.0000000e+01
  -6.0000000e+01
  -6.0000000e+01
  -6.0000000e+01
  -6.0000000e+01
  -6.0000000e+01
  -6.0000000e+01
  -6.0000000e+01
  -6.0000000e+01
  -6.0000000e+01
  -6.0000000e+01
  -6.0000000e+01
  -6.0000000e+01
  -6.0000000e+01
  -6.0000000e+01
  -6.0000000e+01
  -6.0000000e+01
  -6.0000000e+01
  -6.0000000e+01
  -6.0000000e+01
  -6.0000000e+01
  -6.0000000e+01
  -6.0000000e+01
  -6.0000000e+01
  -6.0000000e+01
  -6.0000000e+01
  -6.0000000e+01
  -6.0000000e+01
  -6.0000000e+01
  -6.0000000e+01
  -6.0000000e+01
  -6.0000000e+01
  -6.0000000e+01
  -6.0000000e+01
  -6.0000000e+01
  -6.0000000e+01
  -6.0000000e+01
  -6.0000000e+01
  -6.0000000e+01
  -6.0000000e+01
  -6.0000000e+01
  -6.0000000e+01
  -6.0000000e+01
  -6.0000000e+01
  -6.0000000e+01
  -6.0000000e+01
  -6.0000000e+01
  -6.0000000e+01
  -6.0000000e+01
  -6.0000000e+01
  -6.0000000e+01
  -6.0000000e+01
  -6.0000000e+01
  -6.0000000e+01
  -6.0000000e+01
  -6.0000000e+01
  -6.0000000e+01
  -6.0000000e+01
  -6.0000000e+01
  -6.0000000e+01
  -6.0000000e+01
  -6.0000000e+01
   3.1928500e+01
   6.0000000e+01
   6.0000000e+01
   6.0000000e+01
   6.0000000e+01
   6.0000000e+01
   6.0000000e+01
   6.0000000e+01
   6.0000000e+01
   6.0000000e+01
   6.0000000e+01
   6.0000000e+01
   6.0000000e+01
   6.0000000e+01
   6.0000000e+01
   6.0000000e+01
   6.0000000e+01
   6.0000000e+01
   6.0000000e+01
   6.0000000e+01
   6.0000000e+01
   6.0000000e+01
   6.0000000e+01
   6.0000000e+01
   6.0000000e+01
   6.0000000e+01
   6.0000000e+01
   6.0000000e+01
   6.0000000e+01
   6.0000000e+01
   6.0000000e+01
   6.0000000e+01
   6.0000000e+01
   6.0000000e+01
   6.0000000e+01
   6.0000000e+01
   6.0000000e+01
   6.0000000e+01
   6.0000000e+01
   6.0000000e+01
   6.0000000e+01
   6.0000000e+01
   6.0000000e+01
   6.0000000e+01
   6.0000000e+01
   6.0000000e+01
   6.0000000e+01
   6.0000000e+01
  -6.0000000e+01
  -6.0000000e+01
  -5.9374800e+01
  -5.3179300e+01
  -4.8439600e+01
  -4.4917600e+01
  -4.2350800e+01
  -4.0453100e+01
  -3.9010300e+01
  -3.7867400e+01
  -3.6891200e+01
  -3.5981900e+01
  -3.5112800e+01
  -3.4229300e+01
  -3.3324600e+01
  -3.2389800e+01
  -3.1389200e+01
  -3.0337200e+01
  -2.9239500e+01
  -2.8126200e+01
  -2.6980100e+01
  -2.5831200e+01
  -2.4681600e+01
  -2.3538800e+01
  -2.2393600e+01
  -2.1277100e+01
  -2.0160600e+01
  -1.9034500e+01
  -1.7895400e+01
  -6.0000000e+01
  -6.0000000e+01
  -6.0000000e+01
  -6.0000000e+01
  -6.0000000e+01
  -6.0000000e+01
  -6.0000000e+01
  -6.0000000e+01
  -6.0000000e+01
  -6.0000000e+01
  -6.0000000e+01
  -6.0000000e+01
  -6.0000000e+01
  -6.0000000e+01
  -6.0000000e+01
  -6.0000000e+01
  -6.0000000e+01
  -6.0000000e+01
  -6.0000000e+01
  -6.0000000e+01
  -6.0000000e+01
  -6.0000000e+01
  -6.0000000e+01
  -6.0000000e+01
  -6.0000000e+01
  -6.0000000e+01
  -6.0000000e+01
  -6.0000000e+01
  -6.0000000e+01
  -6.0000000e+01
  -6.0000000e+01
  -6.0000000e+01
  -6.0000000e+01
  -6.0000000e+01
  -6.0000000e+01
   6.0000000e+01
   5.9757200e+01
   5.2381700e+01
   4.6559200e+01
   4.2095600e+01
   3.8759300e+01
   3.6278400e+01
   3.4432200e+01
   3.3014700e+01
   3.1857700e+01
   3.0861600e+01
   2.9925000e+01
   2.9005500e+01
   2.8071800e+01
   2.7121500e+01
   2.6105300e+01
   2.5060200e+01
   2.3958500e+01
   2.2822200e+01
   2.1680400e+01
   2.0521500e+01
   1.9347100e+01
   1.8188800e+01
   1.7028900e+01
   1.5843100e+01
   1.4661300e+01
   1.3485200e+01
   6.0000000e+01
   6.0000000e+01
   6.0000000e+01
   6.0000000e+01
   6.0000000e+01
   6.0000000e+01
   6.0000000e+01
   6.0000000e+01
   6.0000000e+01
   6.0000000e+01
   6.0000000e+01
   6.0000000e+01
   6.0000000e+01
   6.0000000e+01
   6.0000000e+01
   6.0000000e+01
   6.0000000e+01
   6.0000000e+01
   6.0000000e+01
   6.0000000e+01
   6.0000000e+01
   6.0000000e+01
   6.0000000e+01
   6.0000000e+01
   6.0000000e+01
   6.0000000e+01
   6.0000000e+01
   6.0000000e+01
   6.0000000e+01
   6.0000000e+01
   6.0000000e+01
   6.0000000e+01
   6.0000000e+01
   6.0000000e+01
   6.0000000e+01
   6.0000000e+01
   6.0000000e+01
   6.0000000e+01
   6.0000000e+01
  -6.0000000e+01
  -6.0000000e+01
  -6.0000000e+01
  -5.8826300e+01
  -5.3179400e+01
  -4.8919900e+01
  -4.5782100e+01
  -4.3465700e+01
  -4.1739200e+01
  -4.0387600e+01
  -3.9274900e+01
  -3.8297700e+01
  -3.7378200e+01
  -3.6480200e+01
  -3.5545800e+01
  -3.4569200e+01
  -3.3536900e+01
  -3.2454000e+01
  -3.1337000e+01
  -3.0198000e+01
  -2.9052700e+01
  -2.7890700e+01
  -2.6707300e+01
  -6.0000000e+01
  -6.0000000e+01
  -6.0000000e+01
  -6.0000000e+01
  -6.0000000e+01
  -6.0000000e+01
  -6.0000000e+01
  -6.0000000e+01
  -6.0000000e+01
  -6.0000000e+01
  -6.0000000e+01
  -6.0000000e+01
  -6.0000000e+01
  -6.0000000e+01
  -6.0000000e+01
  -6.0000000e+01
  -6.0000000e+01
  -6.0000000e+01
  -6.0000000e+01
  -6.0000000e+01
  -6.0000000e+01
  -6.0000000e+01
  -6.0000000e+01
  -6.0000000e+01
  -6.0000000e+01
  -6.0000000e+01
  -6.0000000e+01
  -6.0000000e+01
  -6.0000000e+01
  -6.0000000e+01
  -6.0000000e+01
  -6.0000000e+01
  -6.0000000e+01
  -6.0000000e+01
  -6.0000000e+01
  -6.0000000e+01
  -6.0000000e+01
  -6.0000000e+01
  -6.0000000e+01
  -6.0000000e+01
  -6.0000000e+01
  -6.0000000e+01
   6.0000000e+01
   5.5640300e+01
   4.8949900e+01
   4.3726300e+01
   3.9748100e+01
   3.6780800e+01
   3.4557000e+01
   3.2868700e+01
   3.1523200e+01
   3.0403700e+01
   2.9392600e+01
   2.8440100e+01
   2.7476800e+01
   2.6508600e+01
   2.5474700e+01
   2.4386300e+01
   2.3253500e+01
   2.2108900e+01
   2.0929500e+01
   1.9740700e+01
   1.8538100e+01
   1.7334000e+01
   6.0000000e+01
   6.0000000e+01
   6.0000000e+01
   6.0000000e+01
   6.0000000e+01
   6.0000000e+01
   6.0000000e+01
   6.0000000e+01
   6.0000000e+01
   6.0000000e+01
   6.0000000e+01
   6.0000000e+01
   6.0000000e+01
   6.0000000e+01
   6.0000000e+01
   6.0000000e+01
   6.0000000e+01
   6.0000000e+01
   6.0000000e+01
   6.0000000e+01
   6.0000000e+01
   6.0000000e+01
   6.0000000e+01
   6.0000000e+01
   6.0000000e+01
   6.0000000e+01
   6.0000000e+01
   6.0000000e+01
   6.0000000e+01
   6.0000000e+01
   6.0000000e+01
   6.0000000e+01
   6.0000000e+01
   6.0000000e+01
   6.0000000e+01
   6.0000000e+01
   6.0000000e+01
   6.0000000e+01
   6.0000000e+01
   6.0000000e+01
   6.0000000e+01
   6.0000000e+01
   6.0000000e+01
   6.0000000e+01
  -6.0000000e+01
  -6.0000000e+01
  -6.0000000e+01
  -6.0000000e+01
  -5.6965900e+01
  -5.2401700e+01
  -4.9015500e+01
  -4.6531400e+01
  -4.4700700e+01
  -4.3312700e+01
  -4.2203600e+01
  -4.1222600e+01
  -4.0287300e+01
  -3.9362500e+01
  -3.8411400e+01
  -3.7452500e+01
  -3.6468600e+01
  -3.5438500e+01
  -3.4375900e+01
  -3.3258400e+01
  -3.2121200e+01
  -6.0000000e+01
  -6.0000000e+01
  -6.0000000e+01
  -6.0000000e+01
  -6.0000000e+01
  -6.0000000e+01
  -6.0000000e+01
  -6.0000000e+01
  -6.0000000e+01
  -6.0000000e+01
  -6.0000000e+01
  -6.0000000e+01
  -6.0000000e+01
  -6.0000000e+01
  -6.0000000e+01
  -6.0000000e+01
  -6.0000000e+01
  -6.0000000e+01
  -6.0000000e+01
  -6.0000000e+01
  -6.0000000e+01
  -6.0000000e+01
  -6.0000000e+01
  -6.0000000e+01
  -6.0000000e+01
  -6.0000000e+01
  -6.0000000e+01
  -6.0000000e+01
  -6.0000000e+01
  -6.0000000e+01
  -6.0000000e+01
  -6.0000000e+01
  -6.0000000e+01
  -6.0000000e+01
  -6.0000000e+01
  -6.0000000e+01
  -6.0000000e+01
  -6.0000000e+01
  -6.0000000e+01
  -6.0000000e+01
  -6.0000000e+01
  -6.0000000e+01
  -6.0000000e+01
  -6.0000000e+01
  -6.0000000e+01
  -6.0000000e+01
  -6.0000000e+01
   6.0000000e+01
   5.5732600e+01
   4.9029900e+01
   4.3792500e+01
   3.9800300e+01
   3.6819500e+01
   3.4597500e+01
   3.2912000e+01
   3.1574500e+01
   3.0451400e+01
   2.9451800e+01
   2.8509500e+01
   2.7527500e+01
   2.6513500e+01
   2.5458800e+01
   2.4343800e+01
   2.3205200e+01
   2.2065800e+01
   2.0909700e+01
   6.0000000e+01
   6.0000000e+01
   6.0000000e+01
   6.0000000e+01
   6.0000000e+01
   6.0000000e+01
   6.0000000e+01
   6.0000000e+01
   6.0000000e+01
   6.0000000e+01
   6.0000000e+01
   6.0000000e+01
   6.0000000e+01
   6.0000000e+01
   6.0000000e+01
   6.0000000e+01
   6.0000000e+01
   6.0000000e+01
   6.0000000e+01
   6.0000000e+01
   6.0000000e+01
   6.0000000e+01
   6.0000000e+01
   6.0000000e+01
   6.0000000e+01
   6.0000000e+01
   6.0000000e+01
   6.0000000e+01
   6.0000000e+01
   6.0000000e+01
   6.0000000e+01
   6.0000000e+01
   6.0000000e+01
   6.0000000e+01
   6.0000000e+01
   6.0000000e+01
   6.0000000e+01
   6.0000000e+01
   6.0000000e+01
   6.0000000e+01
   6.0000000e+01
   6.0000000e+01
   6.0000000e+01
   6.0000000e+01
   6.0000000e+01
   6.0000000e+01
   6.0000000e+01
   6.0000000e+01
   6.0000000e+01
  -6.0000000e+01
  -6.0000000e+01
  -6.0000000e+01
  -6.0000000e+01
  -5.9459100e+01
  -5.4590400e+01
  -5.0960500e+01
  -4.8294300e+01
  -4.6326000e+01
  -4.4825500e+01
  -4.3623100e+01
  -4.2592100e+01
  -4.1671000e+01
  -4.0771400e+01
  -3.9848800e+01
  -3.8889300e+01
  -3.7875000e+01
  -3.6815200e+01
  -3.5705700e+01
  -6.0000000e+01
  -6.0000000e+01
  -6.0000000e+01
  -6.0000000e+01
  -6.0000000e+01
  -6.0000000e+01
  -6.0000000e+01
  -6.0000000e+01
  -6.0000000e+01
  -6.0000000e+01
  -6.0000000e+01
  -6.0000000e+01
  -6.0000000e+01
  -6.0000000e+01
  -6.0000000e+01
  -6.0000000e+01
  -6.0000000e+01
  -6.0000000e+01
  -6.0000000e+01
  -6.0000000e+01
  -6.0000000e+01
  -6.0000000e+01
  -6.0000000e+01
  -6.0000000e+01
  -6.0000000e+01
  -6.0000000e+01
  -6.0000000e+01
  -6.0000000e+01
  -6.0000000e+01
  -6.0000000e+01
  -6.0000000e+01
  -6.0000000e+01
  -6.0000000e+01
  -6.0000000e+01
  -6.0000000e+01
  -6.0000000e+01
  -6.0000000e+01
  -6.0000000e+01
  -6.0000000e+01
  -6.0000000e+01
  -6.0000000e+01
  -6.0000000e+01
  -6.0000000e+01
  -6.0000000e+01
  -6.0000000e+01
  -6.0000000e+01
  -6.0000000e+01
  -6.0000000e+01
  -6.0000000e+01
  -6.0000000e+01
  -6.0000000e+01
   6.0000000e+01
   6.0000000e+01
   5.3137100e+01
   4.7331100e+01
   4.2879400e+01
   3.9542000e+01
   3.7050000e+01
   3.5171800e+01
   3.3705600e+01
   3.2496400e+01
   3.1449100e+01
   3.0458300e+01
   2.9488600e+01
   2.8516000e+01
   2.7494400e+01
   2.6431200e+01
   2.5313700e+01
   2.4170300e+01
   6.0000000e+01
   6.0000000e+01
   6.0000000e+01
   6.0000000e+01
   6.0000000e+01
   6.0000000e+01
   6.0000000e+01
   6.0000000e+01
   6.0000000e+01
   6.0000000e+01
   6.0000000e+01
   6.0000000e+01
   6.0000000e+01
   6.0000000e+01
   6.0000000e+01
   6.0000000e+01
   6.0000000e+01
   6.0000000e+01
   6.0000000e+01
   6.0000000e+01
   6.0000000e+01
   6.0000000e+01
   6.0000000e+01
   6.0000000e+01
   6.0000000e+01
   6.0000000e+01
   6.0000000e+01
   6.0000000e+01
   6.0000000e+01
   6.0000000e+01
   6.0000000e+01
   6.0000000e+01
   6.0000000e+01
   6.0000000e+01
   6.0000000e+01
   6.0000000e+01
   6.0000000e+01
   6.0000000e+01
   6.0000000e+01
   6.0000000e+01
   6.0000000e+01
   6.0000000e+01
   6.0000000e+01
   6.0000000e+01
   6.0000000e+01
   6.0000000e+01
   6.0000000e+01
   6.0000000e+01
   6.0000000e+01
   6.0000000e+01
   6.0000000e+01
   6.0000000e+01
   6.0000000e+01
  -6.0000000e+01
  -6.0000000e+01
  -6.0000000e+01
  -6.0000000e+01
  -5.8528500e+01
  -5.3690500e+01
  -5.0107700e+01
  -4.7453600e+01
  -4.5512900e+01
  -4.4017700e+01
  -4.2835400e+01
  -4.1837200e+01
  -4.0929700e+01
  -4.0017900e+01
  -3.9084100e+01
  -3.8101800e+01
  -3.7081700e+01
  -3.6024700e+01
  -6.0000000e+01
  -6.0000000e+01
  -6.0000000e+01
  -6.0000000e+01
  -6.0000000e+01
  -6.0000000e+01
  -6.0000000e+01
  -6.0000000e+01
  -6.0000000e+01
  -6.0000000e+01
  -6.0000000e+01
  -6.0000000e+01
  -6.0000000e+01
  -6.0000000e+01
  -6.0000000e+01
  -6.0000000e+01
  -6.0000000e+01
  -6.0000000e+01
  -6.0000000e+01
  -6.0000000e+01
  -6.0000000e+01
  -6.0000000e+01
  -6.0000000e+01
  -6.0000000e+01
  -6.0000000e+01
  -6.0000000e+01
  -6.0000000e+01
  -6.0000000e+01
  -6.0000000e+01
  -6.0000000e+01
  -6.0000000e+01
  -6.0000000e+01
  -6.0000000e+01
  -6.0000000e+01
  -6.0000000e+01
  -6.0000000e+01
  -6.0000000e+01
  -6.0000000e+01
  -6.0000000e+01
  -6.0000000e+01
  -6.0000000e+01
  -6.0000000e+01
  -6.0000000e+01
  -6.0000000e+01
  -6.0000000e+01
  -6.0000000e+01
  -6.0000000e+01
  -6.0000000e+01
  -6.0000000e+01
  -6.0000000e+01
  -6.0000000e+01
  -6.0000000e+01
  -6.0000000e+01
  -6.0000000e+01
  -6.0000000e+01
  -6.0000000e+01
   6.0000000e+01
   6.0000000e+01
   6.0000000e+01
   5.4599500e+01
   4.9177600e+01
   4.5102700e+01
   4.2105100e+01
   3.9890700e+01
   3.8239600e+01
   3.6961400e+01
   3.5880100e+01
   3.4920600e+01
   3.4015600e+01
   3.3078400e+01
   3.2100500e+01
   3.1081200e+01
   2.9996500e+01
   2.8881400e+01
   6.0000000e+01
   6.0000000e+01
   6.0000000e+01
   6.0000000e+01
   6.0000000e+01
   6.0000000e+01
   6.0000000e+01
   6.0000000e+01
   6.0000000e+01
   6.0000000e+01
   6.0000000e+01
   6.0000000e+01
   6.0000000e+01
   6.0000000e+01
   6.0000000e+01
   6.0000000e+01
   6.0000000e+01
   6.0000000e+01
   6.0000000e+01
   6.0000000e+01
   6.0000000e+01
   6.0000000e+01
   6.0000000e+01
   6.0000000e+01
   6.0000000e+01
   6.0000000e+01
   6.0000000e+01
   6.0000000e+01
   6.0000000e+01
   6.0000000e+01
   6.0000000e+01
   6.0000000e+01
   6.0000000e+01
   6.0000000e+01
   6.0000000e+01
   6.0000000e+01
   6.0000000e+01
   6.0000000e+01
   6.0000000e+01
   6.0000000e+01
   6.0000000e+01
   6.0000000e+01
   6.0000000e+01
   6.0000000e+01
   6.0000000e+01
   6.0000000e+01
   6.0000000e+01
   6.0000000e+01
   6.0000000e+01
   6.0000000e+01
   6.0000000e+01
   6.0000000e+01
   6.0000000e+01
   6.0000000e+01
   6.0000000e+01
   6.0000000e+01
   6.0000000e+01
   6.0000000e+01
  -6.0000000e+01
  -6.0000000e+01
  -6.0000000e+01
  -6.0000000e+01
  -6.0000000e+01
  -5.5523000e+01
  -5.1829000e+01
  -4.9115900e+01
  -4.7122500e+01
  -4.5620900e+01
  -4.4437900e+01
  -4.3426600e+01
  -4.2495300e+01
  -4.1598100e+01
  -4.0705500e+01
  -3.9786300e+01
  -3.8819000e+01
  -3.7798500e+01
  -6.0000000e+01
  -6.0000000e+01
  -6.0000000e+01
  -6.0000000e+01
  -6.0000000e+01
  -6.0000000e+01
  -6.0000000e+01
  -6.0000000e+01
  -6.0000000e+01
  -6.0000000e+01
  -6.0000000e+01
  -6.0000000e+01
  -6.0000000e+01
  -6.0000000e+01
  -6.0000000e+01
  -6.0000000e+01
  -6.0000000e+01
  -6.0000000e+01
  -6.0000000e+01
  -6.0000000e+01
  -6.0000000e+01
  -6.0000000e+01
  -6.0000000e+01
  -6.0000000e+01
  -6.0000000e+01
  -6.0000000e+01
  -6.0000000e+01
  -6.0000000e+01
  -6.0000000e+01
  -6.0000000e+01
  -6.0000000e+01
  -6.0000000e+01
  -6.0000000e+01
  -6.0000000e+01
  -6.0000000e+01
  -6.0000000e+01
  -6.0000000e+01
  -6.0000000e+01
  -6.0000000e+01
  -6.0000000e+01
  -6.0000000e+01
  -6.0000000e+01
  -6.0000000e+01
  -6.0000000e+01
  -6.0000000e+01
  -6.0000000e+01
  -6.0000000e+01
  -6.0000000e+01
  -6.0000000e+01
  -6.0000000e+01
  -6.0000000e+01
  -6.0000000e+01
  -6.0000000e+01
  -6.0000000e+01
  -6.0000000e+01
  -6.0000000e+01
  -6.0000000e+01
  -6.0000000e+01
  -6.0000000e+01
  -6.0000000e+01
  -6.0000000e+01
   6.0000000e+01
   6.0000000e+01
   6.0000000e+01
   5.8473900e+01
   5.2693400e+01
   4.8351300e+01
   4.5165300e+01
   4.2839800e+01
   4.1110900e+01
   3.9790300e+01
   3.8694400e+01
   3.7740000e+01
   3.6849400e+01
   3.5980700e+01
   3.5093900e+01
   3.4181900e+01
   3.3208300e+01
   3.2196000e+01
   3.1168200e+01
   3.0109300e+01
   6.0000000e+01
   6.0000000e+01
   6.0000000e+01
   6.0000000e+01
   6.0000000e+01
   6.0000000e+01
   6.0000000e+01
   6.0000000e+01
   6.0000000e+01
   6.0000000e+01
   6.0000000e+01
   6.0000000e+01
   6.0000000e+01
   6.0000000e+01
   6.0000000e+01
   6.0000000e+01
   6.0000000e+01
   6.0000000e+01
   6.0000000e+01
   6.0000000e+01
   6.0000000e+01
   6.0000000e+01
   6.0000000e+01
   6.0000000e+01
   6.0000000e+01
   6.0000000e+01
   6.0000000e+01
   6.0000000e+01
   6.0000000e+01
   6.0000000e+01
   6.0000000e+01
   6.0000000e+01
   6.0000000e+01
   6.0000000e+01
   6.0000000e+01
   6.0000000e+01
   6.0000000e+01
   6.0000000e+01
   6.0000000e+01
   6.0000000e+01
   6.0000000e+01
   6.0000000e+01
   6.0000000e+01
   6.0000000e+01
   6.0000000e+01
   6.0000000e+01
   6.0000000e+01
   6.0000000e+01
   6.0000000e+01
   5.8036400e+01
   5.6328100e+01
   5.4132600e+01
   5.2225500e+01
   5.0999700e+01
   5.0538000e+01
   5.0738700e+01
   5.1418300e+01
   5.1510600e+01
   5.1553900e+01
   5.2566400e+01
   5.3249600e+01
   5.3119400e+01
   5.2756900e+01
  -6.0000000e+01
  -6.0000000e+01
  -6.0000000e+01
  -6.0000000e+01
  -5.4376700e+01
