   0.0000000e+00
   0.0000000e+00
   0.0000000e+00
   0.0000000e+00
   6.2831800e-03
   3.7699100e-02
   9.7389400e-02
   1.8535400e-01
   3.0473400e-01
   4.5553100e-01
   6.3774300e-01
   8.5137100e-01
   1.1027000e+00
   1.3854400e+00
   1.7058800e+00
   2.0608800e+00
   2.4535800e+00
   2.8839800e+00
   3.3458000e+00
   3.8453100e+00
   4.3793800e+00
   4.9480100e+00
   5.5511900e+00
   6.1889400e+00
   6.8581000e+00
   7.5649500e+00
   8.3032300e+00
   9.0760600e+00
   9.8803100e+00
   1.0719100e+01
   1.1589300e+01
   1.2491000e+01
   1.3417700e+01
   1.4372800e+01
   1.5349800e+01
   1.6348800e+01
   1.7369900e+01
   1.8416000e+01
   1.9481000e+01
   2.0568000e+01
   2.1670700e+01
   2.2792200e+01
   2.3935800e+01
   2.5098200e+01
   2.6279400e+01
   2.7476400e+01
   2.8689000e+01
   2.9917400e+01
   3.1164600e+01
   3.2427500e+01
   3.3706100e+01
   3.4997300e+01
   3.6304200e+01
   3.7620600e+01
   3.8955700e+01
   4.0297200e+01
   4.1610400e+01
   4.2904700e+01
   4.4173900e+01
   4.5421100e+01
   4.6646400e+01
   4.7846400e+01
   4.9024500e+01
   5.0174400e+01
   5.1299100e+01
   5.2404900e+01
   5.3482500e+01
   5.4538000e+01
   5.5562200e+01
   5.6564400e+01
   5.7541400e+01
   5.8499600e+01
   5.9426400e+01
   6.0331100e+01
   6.1210800e+01
   6.2062100e+01
   6.2888400e+01
   6.3689500e+01
   6.4468600e+01
   6.5222600e+01
   6.5951400e+01
   6.6652000e+01
   6.7327500e+01
   6.7977800e+01
   6.8599800e+01
   6.9196700e+01
   6.9771600e+01
   7.0321400e+01
   7.0846000e+01
   7.1345600e+01
   7.1819900e+01
   7.2269200e+01
   7.2693300e+01
   7.3089100e+01
   7.3456700e+01
   7.3799100e+01
   7.4113300e+01
   7.4402300e+01
   7.4666200e+01
   7.4905000e+01
   7.5118600e+01
   7.5304000e+01
   7.5467300e+01
   7.5602400e+01
   7.5715500e+01
   7.5800300e+01
   7.5860000e+01
   7.5894600e+01
   7.5904000e+01
   7.5885200e+01
   7.5841200e+01
   7.5768900e+01
   7.5671500e+01
   7.5545900e+01
   7.5391900e+01
   7.5206600e+01
   7.4989800e+01
   7.4738500e+01
   7.4449400e+01
   7.4125900e+01
   7.3761400e+01
   7.3359300e+01
   7.2925800e+01
   7.2517400e+01
   7.2140400e+01
   7.1794800e+01
   7.1474400e+01
   7.1179000e+01
   7.0908900e+01
   7.0657500e+01
   7.0437600e+01
   7.0242900e+01
   7.0073200e+01
   6.9935000e+01
   6.9821900e+01
   6.9737100e+01
   6.9683700e+01
   6.9655400e+01
   6.9655400e+01
   6.9683700e+01
   6.9740200e+01
   6.9828200e+01
   6.9947500e+01
   7.0095200e+01
   7.0277400e+01
   7.0494200e+01
   7.0748600e+01
   7.1040800e+01
   7.1367500e+01
   7.1738300e+01
   7.2146700e+01
   7.2595900e+01
   7.3082900e+01
   7.3610600e+01
   7.4173000e+01
   7.4773000e+01
   7.5413900e+01
   7.6086200e+01
   7.6796200e+01
   7.7540800e+01
   7.8323000e+01
   7.9136700e+01
   7.9988100e+01
   8.0874000e+01
   8.1791400e+01
   8.2746400e+01
   8.3732800e+01
   8.4753900e+01
   8.5800000e+01
   8.6877600e+01
   8.7980300e+01
   8.9101800e+01
   9.0245400e+01
   9.1404600e+01
   9.2589000e+01
   9.3792200e+01
   9.5017400e+01
   9.6258400e+01
   9.7511900e+01
   9.8787400e+01
   1.0008200e+02
   1.0139200e+02
   1.0271400e+02
   1.0404300e+02
   1.0535000e+02
   1.0663200e+02
   1.0789500e+02
   1.0912900e+02
   1.1034500e+02
   1.1153300e+02
   1.1269800e+02
   1.1383900e+02
   1.1495400e+02
   1.1605000e+02
   1.1711500e+02
   1.1815500e+02
   1.1917300e+02
   1.2016600e+02
   1.2113400e+02
   1.2207600e+02
   1.2299300e+02
   1.2388600e+02
   1.2475300e+02
   1.2559100e+02
   1.2640800e+02
   1.2720300e+02
   1.2797000e+02
   1.2871400e+02
   1.2943000e+02
   1.3011800e+02
   1.3078400e+02
   1.3142200e+02
   1.3203500e+02
   1.3262200e+02
   1.3318800e+02
   1.3373100e+02
   1.3424300e+02
   1.3473300e+02
   1.3519800e+02
   1.3563800e+02
   1.3605000e+02
   1.3643600e+02
   1.3679400e+02
   1.3712700e+02
   1.3743500e+02
   1.3771500e+02
   1.3796900e+02
   1.3819900e+02
   1.3840600e+02
   1.3858800e+02
   1.3874800e+02
   1.3888300e+02
   1.3899000e+02
   1.3907200e+02
   1.3912900e+02
   1.3915700e+02
   1.3916000e+02
   1.3913200e+02
   1.3908100e+02
   1.3900000e+02
   1.3889300e+02
   1.3875500e+02
   1.3858800e+02
   1.3839000e+02
   1.3816100e+02
   1.3789700e+02
   1.3759500e+02
   1.3725600e+02
   1.3687900e+02
   1.3650500e+02
   1.3616900e+02
   1.3586400e+02
   1.3558800e+02
   1.3533700e+02
   1.3511400e+02
   1.3490900e+02
   1.3473300e+02
   1.3458000e+02
   1.3444800e+02
   1.3434100e+02
   1.3425900e+02
   1.3420600e+02
   1.3417400e+02
   1.3417400e+02
   1.3419900e+02
   1.3425000e+02
   1.3433100e+02
   1.3444100e+02
   1.3458000e+02
   1.3474900e+02
   1.3495000e+02
   1.3518600e+02
   1.3545600e+02
   1.3576400e+02
   1.3611600e+02
   1.3650500e+02
   1.3693300e+02
   1.3740100e+02
   1.3790600e+02
   1.3845600e+02
   1.3904100e+02
   1.3966300e+02
   1.4032200e+02
   1.4101700e+02
   1.4174500e+02
   1.4250900e+02
   1.4331000e+02
   1.4414300e+02
   1.4501300e+02
   1.4591800e+02
   1.4685700e+02
   1.4782800e+02
   1.4883300e+02
   1.4986300e+02
   1.5092500e+02
   1.5201200e+02
   1.5312100e+02
   1.5424900e+02
   1.5540200e+02
   1.5657100e+02
   1.5776400e+02
   1.5897400e+02
   1.6020200e+02
   1.6145000e+02
   1.6271200e+02
   1.6399700e+02
   1.6529800e+02
   1.6661400e+02
   1.6794600e+02
   1.6929100e+02
   1.7061400e+02
   1.7191400e+02
   1.7319000e+02
   1.7444300e+02
   1.7567200e+02
   1.7687500e+02
   1.7805600e+02
   1.7921200e+02
   1.8034300e+02
   1.8145200e+02
   1.8253300e+02
   1.8358800e+02
   1.8462200e+02
   1.8562700e+02
   1.8661100e+02
   1.8756600e+02
   1.8849900e+02
   1.8940700e+02
   1.9028900e+02
   1.9115000e+02
   1.9198300e+02
   1.9279000e+02
   1.9356900e+02
   1.9432600e+02
   1.9505800e+02
   1.9576500e+02
   1.9645000e+02
   1.9711000e+02
   1.9774100e+02
   1.9834800e+02
   1.9892900e+02
   1.9948200e+02
   2.0001300e+02
   2.0051500e+02
   2.0099600e+02
   2.0145100e+02
   2.0188500e+02
   2.0229700e+02
   2.0268000e+02
   2.0304100e+02
   2.0337400e+02
   2.0368200e+02
   2.0396800e+02
   2.0422500e+02
   2.0445800e+02
   2.0466500e+02
   2.0484800e+02
   2.0499800e+02
   2.0512100e+02
   2.0521800e+02
   2.0528400e+02
   2.0531900e+02
   2.0532800e+02
   2.0530300e+02
   2.0525000e+02
   2.0516500e+02
   2.0504900e+02
   2.0490400e+02
   2.0472200e+02
   2.0450500e+02
   2.0425700e+02
   2.0396800e+02
   2.0364400e+02
   2.0328600e+02
   2.0288700e+02
   2.0248500e+02
   2.0212100e+02
   2.0178800e+02
   2.0148600e+02
   2.0121300e+02
   2.0096400e+02
   2.0074100e+02
   2.0054000e+02
   2.0036800e+02
   2.0021700e+02
   2.0009400e+02
   1.9999400e+02
   1.9992500e+02
   1.9987800e+02
   1.9985900e+02
   1.9986800e+02
   1.9990300e+02
   1.9996900e+02
   2.0006300e+02
   2.0018500e+02
   2.0034200e+02
   2.0053100e+02
   2.0074800e+02
   2.0100200e+02
   2.0129100e+02
   2.0162100e+02
   2.0198600e+02
   2.0239700e+02
   2.0284600e+02
   2.0333000e+02
   2.0385500e+02
   2.0441400e+02
   2.0501400e+02
   2.0564500e+02
   2.0631500e+02
   2.0701800e+02
   2.0775700e+02
   2.0853300e+02
   2.0934300e+02
   2.1018800e+02
   2.1106500e+02
   2.1197900e+02
   2.1292100e+02
   2.1389800e+02
   2.1491300e+02
   2.1595300e+02
   2.1701800e+02
   2.1810800e+02
   2.1922300e+02
   2.2035800e+02
   2.2151400e+02
   2.2268900e+02
   2.2388200e+02
   2.2509500e+02
   2.2632700e+02
   2.2757700e+02
   2.2884600e+02
   2.3013100e+02
   2.3142900e+02
   2.3274800e+02
   2.3408000e+02
   2.3538400e+02
   2.3666900e+02
   2.3792800e+02
   2.3916600e+02
   2.4037900e+02
   2.4157000e+02
   2.4273500e+02
   2.4387200e+02
   2.4498800e+02
   2.4607800e+02
   2.4714600e+02
   2.4818600e+02
   2.4920100e+02
   2.5019000e+02
   2.5115500e+02
   2.5209400e+02
   2.5301100e+02
   2.5390300e+02
   2.5476700e+02
   2.5560600e+02
   2.5642000e+02
   2.5720800e+02
   2.5797200e+02
   2.5871000e+02
   2.5942600e+02
   2.6011800e+02
   2.6078000e+02
   2.6142100e+02
   2.6203400e+02
   2.6261800e+02
   2.6318100e+02
   2.6371800e+02
   2.6423300e+02
   2.6472300e+02
   2.6518800e+02
   2.6563100e+02
   2.6604600e+02
   2.6643800e+02
   2.6680600e+02
   2.6714800e+02
   2.6746600e+02
   2.6775800e+02
   2.6802500e+02
   2.6826400e+02
   2.6847700e+02
   2.6866300e+02
   2.6882300e+02
   2.6895800e+02
   2.6906500e+02
   2.6914600e+02
   2.6920300e+02
   2.6923400e+02
   2.6924100e+02
   2.6922200e+02
   2.6917500e+02
   2.6910200e+02
   2.6900500e+02
   2.6887600e+02
   2.6872200e+02
   2.6853700e+02
   2.6832000e+02
   2.6806900e+02
   2.6778300e+02
   2.6745900e+02
   2.6709800e+02
   2.6670500e+02
   2.6632500e+02
   2.6598300e+02
   2.6567500e+02
   2.6539500e+02
   2.6514400e+02
   2.6491800e+02
   2.6471400e+02
   2.6453800e+02
   2.6438400e+02
   2.6425800e+02
   2.6415400e+02
   2.6407600e+02
   2.6402300e+02
   2.6399700e+02
   2.6400100e+02
   2.6402900e+02
   2.6408500e+02
   2.6416700e+02
   2.6428000e+02
   2.6442200e+02
   2.6459400e+02
   2.6479500e+02
   2.6503100e+02
   2.6530400e+02
   2.6561200e+02
   2.6596100e+02
   2.6635400e+02
   2.6678400e+02
   2.6725200e+02
   2.6776100e+02
   2.6831100e+02
   2.6889500e+02
   2.6951400e+02
   2.7017100e+02
   2.7086500e+02
   2.7159100e+02
   2.7235400e+02
   2.7314900e+02
   2.7398100e+02
   2.7484800e+02
   2.7575000e+02
   2.7668600e+02
   2.7765100e+02
   2.7865300e+02
   2.7968000e+02
   2.8073000e+02
   2.8175100e+02
   2.8274600e+02
   2.8372000e+02
   2.8466900e+02
   2.8559000e+02
   2.8648200e+02
   2.8734900e+02
   2.8818800e+02
   2.8899800e+02
   2.8978700e+02
   2.9054700e+02
   2.9128200e+02
   2.9199200e+02
   2.9266800e+02
   2.9331500e+02
   2.9393400e+02
   2.9452700e+02
   2.9509000e+02
   2.9562700e+02
   2.9613600e+02
   2.9662000e+02
   2.9707500e+02
   2.9750900e+02
   2.9791100e+02
   2.9828500e+02
   2.9863000e+02
   2.9894400e+02
   2.9922700e+02
   2.9948200e+02
   2.9970200e+02
   2.9989300e+02
   3.0005300e+02
   3.0018200e+02
   3.0028000e+02
   3.0035200e+02
   3.0039000e+02
   3.0039900e+02
   3.0038000e+02
   3.0032700e+02
   3.0024500e+02
   3.0013500e+02
   2.9999100e+02
   2.9981500e+02
   2.9959800e+02
   2.9934700e+02
   2.9905100e+02
   2.9871500e+02
   2.9833200e+02
   2.9790800e+02
   2.9744300e+02
   2.9694000e+02
   2.9639700e+02
   2.9581900e+02
   2.9520300e+02
   2.9455300e+02
   2.9386500e+02
   2.9314500e+02
   2.9239100e+02
   2.9160300e+02
   2.9078300e+02
   2.8993800e+02
   2.8906700e+02
   2.8817200e+02
   2.8726700e+02
   2.8638800e+02
   2.8553600e+02
   2.8471000e+02
   2.8391200e+02
   2.8313900e+02
   2.8239500e+02
   2.8167800e+02
   2.8098700e+02
   2.8032700e+02
   2.7969300e+02
   2.7908600e+02
   2.7850500e+02
   2.7795900e+02
   2.7743700e+02
   2.7694700e+02
   2.7648500e+02
   2.7604900e+02
   2.7564300e+02
   2.7526600e+02
   2.7491100e+02
   2.7458800e+02
   2.7429900e+02
   2.7403500e+02
   2.7379600e+02
   2.7358900e+02
   2.7340000e+02
   2.7323100e+02
   2.7309500e+02
   2.7298900e+02
   2.7291300e+02
   2.7287200e+02
   2.7286300e+02
   2.7288500e+02
   2.7293800e+02
   2.7302600e+02
   2.7314600e+02
   2.7330000e+02
   2.7348500e+02
   2.7371100e+02
   2.7397200e+02
   2.7427400e+02
   2.7461900e+02
   2.7500600e+02
   2.7543300e+02
   2.7590400e+02
   2.7641600e+02
   2.7697200e+02
   2.7756600e+02
   2.7820100e+02
   2.7887000e+02
   2.7958300e+02
   2.8032700e+02
   2.8111300e+02
   2.8193300e+02
   2.8279000e+02
   2.8367900e+02
   2.8459700e+02
   2.8554200e+02
   2.8651000e+02
   2.8750300e+02
   2.8852100e+02
   2.8956100e+02
   2.9062200e+02
   2.9170300e+02
   2.9280300e+02
   2.9391500e+02
   2.9500500e+02
   2.9607000e+02
   2.9710700e+02
   2.9811500e+02
   2.9909500e+02
   3.0004700e+02
   3.0097100e+02
   3.0186600e+02
   3.0273600e+02
   3.0357800e+02
   3.0439500e+02
   3.0518100e+02
   3.0593800e+02
   3.0666300e+02
   3.0736100e+02
   3.0803000e+02
   3.0867100e+02
   3.0928700e+02
   3.0987100e+02
   3.1042400e+02
   3.1094800e+02
   3.1145100e+02
   3.1191900e+02
   3.1235600e+02
   3.1275800e+02
   3.1312900e+02
   3.1347100e+02
   3.1378200e+02
   3.1406800e+02
   3.1432600e+02
   3.1455500e+02
   3.1475900e+02
   3.1493800e+02
   3.1509200e+02
   3.1522400e+02
   3.1532500e+02
   3.1540300e+02
   3.1545400e+02
   3.1547600e+02
   3.1547200e+02
   3.1544100e+02
   3.1538100e+02
   3.1529600e+02
   3.1518000e+02
   3.1503600e+02
   3.1486000e+02
   3.1465200e+02
   3.1441100e+02
   3.1413100e+02
   3.1381400e+02
   3.1345900e+02
   3.1305600e+02
   3.1261700e+02
   3.1213000e+02
   3.1160200e+02
   3.1103300e+02
   3.1042400e+02
   3.0978000e+02
   3.0909800e+02
   3.0838200e+02
   3.0763400e+02
   3.0685200e+02
   3.0603500e+02
   3.0518700e+02
   3.0431300e+02
   3.0346800e+02
   3.0265200e+02
   3.0186000e+02
   3.0110000e+02
   3.0036400e+02
   2.9966100e+02
   2.9898200e+02
   2.9833500e+02
   2.9771300e+02
   2.9712200e+02
   2.9655700e+02
   2.9602600e+02
   2.9552600e+02
   2.9505500e+02
   2.9460900e+02
   2.9419800e+02
   2.9381100e+02
   2.9345600e+02
   2.9312900e+02
   2.9283100e+02
   2.9256100e+02
   2.9231600e+02
   2.9210200e+02
   2.9192000e+02
   2.9176900e+02
   2.9165000e+02
   2.9156200e+02
   2.9150500e+02
   2.9147700e+02
   2.9148300e+02
   2.9151800e+02
   2.9158400e+02
   2.9167800e+02
   2.9180700e+02
   2.9197000e+02
   2.9216500e+02
   2.9240100e+02
   2.9267400e+02
   2.9299100e+02
   2.9334900e+02
   2.9375100e+02
   2.9419800e+02
   2.9468800e+02
   2.9521900e+02
   2.9579300e+02
   2.9641200e+02
   2.9706600e+02
   2.9776300e+02
   2.9849500e+02
   2.9926500e+02
   3.0006900e+02
   3.0091100e+02
   3.0179400e+02
   3.0270500e+02
   3.0365100e+02
   3.0461800e+02
   3.0561100e+02
   3.0662900e+02
   3.0766900e+02
   3.0873400e+02
   3.0981800e+02
   3.1092000e+02
   3.1204500e+02
   3.1319200e+02
   3.1435700e+02
   3.1553800e+02
   3.1669400e+02
   3.1782500e+02
   3.1893100e+02
   3.2000900e+02
   3.2106100e+02
   3.2208500e+02
   3.2308400e+02
   3.2405500e+02
   3.2499500e+02
   3.2590600e+02
   3.2678800e+02
   3.2764300e+02
   3.2847500e+02
   3.2928000e+02
   3.3005300e+02
   3.3080000e+02
   3.3151300e+02
   3.3220100e+02
   3.3286100e+02
   3.3349300e+02
   3.3409900e+02
   3.3467700e+02
   3.3522700e+02
   3.3574500e+02
   3.3623800e+02
   3.3670000e+02
   3.3713400e+02
   3.3753600e+02
   3.3790600e+02
   3.3824900e+02
   3.3856300e+02
   3.3884900e+02
   3.3910700e+02
   3.3933600e+02
   3.3953700e+02
   3.3971300e+02
   3.3986400e+02
   3.3998600e+02
   3.4008000e+02
   3.4015300e+02
   3.4019700e+02
   3.4021600e+02
   3.4020300e+02
   3.4016500e+02
   3.4010200e+02
   3.4001100e+02
   3.3988900e+02
   3.3973800e+02
   3.3955600e+02
   3.3933900e+02
   3.3908800e+02
   3.3879900e+02
   3.3847200e+02
   3.3810400e+02
   3.3769300e+02
   3.3724400e+02
   3.3675000e+02
   3.3621600e+02
   3.3564500e+02
   3.3503500e+02
   3.3438800e+02
   3.3370900e+02
   3.3299300e+02
   3.3224500e+02
   3.3146300e+02
   3.3064300e+02
   3.2979500e+02
   3.2891800e+02
   3.2807300e+02
   3.2725700e+02
   3.2646500e+02
   3.2570100e+02
   3.2496600e+02
   3.2425900e+02
   3.2358100e+02
   3.2293100e+02
   3.2230500e+02
   3.2171800e+02
   3.2115900e+02
   3.2062800e+02
   3.2013100e+02
   3.1966000e+02
   3.1921400e+02
   3.1879900e+02
   3.1841600e+02
   3.1806100e+02
   3.1773400e+02
   3.1743300e+02
   3.1716300e+02
   3.1692100e+02
   3.1670700e+02
   3.1652800e+02
   3.1637700e+02
   3.1625800e+02
   3.1617000e+02
   3.1611600e+02
   3.1609400e+02
   3.1610100e+02
   3.1614200e+02
   3.1621400e+02
   3.1631700e+02
   3.1645600e+02
   3.1662800e+02
   3.1683900e+02
   3.1708700e+02
   3.1737600e+02
   3.1770600e+02
   3.1807700e+02
   3.1849100e+02
   3.1895000e+02
   3.1945000e+02
   3.1999300e+02
   3.2057700e+02
   3.2120300e+02
   3.2187200e+02
   3.2258200e+02
   3.2332600e+02
   3.2411200e+02
   3.2492900e+02
   3.2578600e+02
   3.2667500e+02
   3.2759600e+02
   3.2854800e+02
   3.2952800e+02
   3.3052700e+02
   3.3155100e+02
   3.3260000e+02
   3.3367200e+02
   3.3476200e+02
   3.3587700e+02
   3.3700500e+02
   3.3815500e+02
   3.3932700e+02
   3.4051400e+02
   3.4172000e+02
   3.4293600e+02
   3.4413300e+02
   3.4530200e+02
   3.4644200e+02
   3.4755700e+02
   3.4864400e+02
   3.4970300e+02
   3.5073400e+02
   3.5173600e+02
   3.5271000e+02
   3.5366200e+02
   3.5458200e+02
   3.5547400e+02
   3.5633800e+02
   3.5717100e+02
   3.5797500e+02
   3.5874800e+02
   3.5949900e+02
   3.6021500e+02
   3.6090300e+02
   3.6156000e+02
   3.6218800e+02
   3.6278800e+02
   3.6335300e+02
   3.6389100e+02
   3.6439600e+02
   3.6487700e+02
   3.6532900e+02
   3.6575400e+02
   3.6614900e+02
   3.6651700e+02
   3.6685300e+02
   3.6716100e+02
   3.6744100e+02
   3.6769500e+02
   3.6791800e+02
   3.6811300e+02
   3.6827900e+02
   3.6841800e+02
   3.6852800e+02
   3.6860600e+02
   3.6865300e+02
   3.6867200e+02
   3.6866300e+02
   3.6861900e+02
   3.6855000e+02
   3.6844600e+02
   3.6831100e+02
   3.6814400e+02
   3.6794300e+02
   3.6770400e+02
   3.6743100e+02
   3.6711700e+02
   3.6676500e+02
   3.6636900e+02
   3.6593900e+02
   3.6546500e+02
   3.6495600e+02
   3.6440600e+02
   3.6382100e+02
   3.6319600e+02
   3.6253700e+02
   3.6183900e+02
   3.6110700e+02
   3.6034400e+02
   3.5954600e+02
   3.5872000e+02
   3.5785900e+02
   3.5697000e+02
   3.5605900e+02
   3.5513200e+02
   3.5423300e+02
   3.5336300e+02
   3.5252100e+02
   3.5170800e+02
   3.5092200e+02
   3.5016500e+02
   3.4943900e+02
   3.4873900e+02
   3.4807000e+02
   3.4742900e+02
   3.4681300e+02
   3.4623200e+02
   3.4567900e+02
   3.4515700e+02
   3.4466400e+02
   3.4419600e+02
   3.4375900e+02
   3.4335100e+02
   3.4297400e+02
   3.4263100e+02
   3.4231400e+02
   3.4202800e+02
   3.4177400e+02
   3.4154800e+02
   3.4135600e+02
   3.4118900e+02
   3.4105800e+02
   3.4095400e+02
   3.4088200e+02
   3.4084100e+02
   3.4083100e+02
   3.4085600e+02
   3.4091300e+02
   3.4100400e+02
   3.4112700e+02
   3.4128700e+02
   3.4148500e+02
   3.4171700e+02
   3.4199400e+02
   3.4231100e+02
   3.4267200e+02
   3.4308100e+02
   3.4353000e+02
   3.4402300e+02
   3.4456000e+02
   3.4513800e+02
   3.4576000e+02
   3.4642000e+02
   3.4712100e+02
   3.4785900e+02
   3.4863200e+02
   3.4943900e+02
   3.5028100e+02
   3.5114800e+02
   3.5204400e+02
   3.5295800e+02
   3.5389700e+02
   3.5485500e+02
   3.5583600e+02
   3.5683800e+02
   3.5786200e+02
   3.5890800e+02
   3.5997300e+02
   3.6105400e+02
   3.6215300e+02
   3.6327500e+02
   3.6441200e+02
   3.6557100e+02
   3.6674300e+02
   3.6792800e+02
   3.6912800e+02
   3.7030600e+02
   3.7145600e+02
   3.7258000e+02
   3.7367700e+02
   3.7474200e+02
   3.7578500e+02
   3.7679300e+02
   3.7778000e+02
   3.7873800e+02
   3.7967100e+02
   3.8056900e+02
   3.8144300e+02
   3.8228500e+02
   3.8309800e+02
   3.8388400e+02
   3.8464400e+02
   3.8537600e+02
   3.8607300e+02
   3.8674300e+02
   3.8738000e+02
   3.8798700e+02
   3.8856500e+02
   3.8911100e+02
   3.8962700e+02
   3.9012000e+02
   3.9058200e+02
   3.9101800e+02
   3.9142700e+02
   3.9180400e+02
   3.9214900e+02
   3.9246300e+02
   3.9275200e+02
   3.9301000e+02
   3.9323600e+02
   3.9343400e+02
   3.9360100e+02
   3.9373600e+02
   3.9384300e+02
   3.9391500e+02
   3.9395900e+02
   3.9397100e+02
   3.9394900e+02
   3.9389900e+02
   3.9381400e+02
   3.9369800e+02
   3.9354700e+02
   3.9336200e+02
   3.9313600e+02
   3.9287500e+02
   3.9257300e+02
   3.9222800e+02
   3.9184400e+02
   3.9142000e+02
   3.9095500e+02
   3.9045000e+02
   3.8990900e+02
   3.8932800e+02
   3.8870900e+02
   3.8804900e+02
   3.8735800e+02
   3.8662900e+02
   3.8586600e+02
   3.8507100e+02
   3.8424500e+02
   3.8338700e+02
   3.8250500e+02
   3.8159700e+02
   3.8067000e+02
   3.7972400e+02
   3.7875700e+02
   3.7777000e+02
   3.7676500e+02
   3.7574100e+02
   3.7470700e+02
   3.7370200e+02
   3.7272200e+02
   3.7177000e+02
   3.7084300e+02
   3.6994800e+02
   3.6907700e+02
   3.6823500e+02
   3.6742500e+02
   3.6663600e+02
   3.6587600e+02
   3.6515000e+02
   3.6445300e+02
   3.6378400e+02
   3.6314900e+02
   3.6254000e+02
   3.6196200e+02
   3.6141200e+02
   3.6089000e+02
   3.6039700e+02
   3.5993200e+02
   3.5950200e+02
   3.5910000e+02
   3.5872900e+02
   3.5839000e+02
   3.5807900e+02
   3.5779600e+02
   3.5754100e+02
   3.5731800e+02
   3.5712000e+02
   3.5695400e+02
   3.5681600e+02
   3.5670600e+02
   3.5662400e+02
   3.5657100e+02
   3.5654900e+02
   3.5655800e+02
   3.5659600e+02
   3.5666500e+02
   3.5676500e+02
   3.5689400e+02
   3.5705500e+02
   3.5725200e+02
   3.5748200e+02
   3.5774600e+02
   3.5805000e+02
   3.5839300e+02
   3.5877900e+02
   3.5920600e+02
   3.5967800e+02
   3.6018700e+02
   3.6073600e+02
   3.6132700e+02
   3.6195900e+02
   3.6263100e+02
   3.6334100e+02
   3.6408900e+02
   3.6487400e+02
   3.6569100e+02
   3.6654500e+02
   3.6743400e+02
   3.6835800e+02
   3.6931000e+02
   3.7029300e+02
   3.7129800e+02
   3.7232300e+02
   3.7336900e+02
   3.7443400e+02
   3.7552400e+02
   3.7663600e+02
   3.7777000e+02
   3.7892000e+02
   3.8008900e+02
   3.8127300e+02
   3.8247900e+02
   3.8370500e+02
   3.8493600e+02
   3.8614900e+02
   3.8733300e+02
   3.8849200e+02
   3.8962700e+02
   3.9073200e+02
   3.9181300e+02
   3.9286600e+02
   3.9389000e+02
   3.9488600e+02
   3.9585300e+02
   3.9679600e+02
   3.9771300e+02
   3.9860200e+02
   3.9946300e+02
   4.0029200e+02
   4.0109000e+02
   4.0186300e+02
   4.0260400e+02
   4.0332400e+02
   4.0401200e+02
   4.0467200e+02
   4.0530000e+02
   4.0590000e+02
   4.0646900e+02
   4.0700600e+02
   4.0751200e+02
   4.0798900e+02
   4.0843800e+02
   4.0885900e+02
   4.0925500e+02
   4.0962300e+02
   4.0996500e+02
   4.1027600e+02
   4.1055900e+02
   4.1081000e+02
   4.1103300e+02
   4.1122500e+02
   4.1138500e+02
   4.1151700e+02
   4.1161800e+02
   4.1168700e+02
   4.1172800e+02
   4.1173400e+02
   4.1171200e+02
   4.1165900e+02
   4.1157400e+02
   4.1145700e+02
   4.1131300e+02
   4.1113100e+02
   4.1091400e+02
   4.1065900e+02
   4.1036400e+02
   4.1003100e+02
   4.0966000e+02
   4.0924900e+02
   4.0880000e+02
   4.0831300e+02
   4.0778500e+02
   4.0721900e+02
   4.0661300e+02
   4.0597200e+02
   4.0529400e+02
   4.0457700e+02
   4.0383000e+02
   4.0305100e+02
   4.0223700e+02
   4.0139200e+02
   4.0051200e+02
   3.9960700e+02
   3.9867700e+02
   3.9772600e+02
   3.9675200e+02
   3.9575600e+02
   3.9474100e+02
   3.9370700e+02
   3.9265500e+02
   3.9158700e+02
   3.9049700e+02
   3.8939700e+02
   3.8832300e+02
   3.8728000e+02
   3.8625900e+02
   3.8526300e+02
   3.8429500e+02
   3.8335600e+02
   3.8244200e+02
   3.8155900e+02
   3.8070100e+02
   3.7986900e+02
   3.7906100e+02
   3.7828200e+02
   3.7752800e+02
   3.7680600e+02
   3.7610800e+02
   3.7543600e+02
   3.7479200e+02
   3.7417600e+02
   3.7358600e+02
   3.7302300e+02
   3.7248900e+02
   3.7199000e+02
   3.7151800e+02
   3.7108200e+02
   3.7067300e+02
   3.7029300e+02
   3.6994400e+02
   3.6962400e+02
   3.6933200e+02
   3.6906800e+02
   3.6883500e+02
   3.6863100e+02
   3.6845500e+02
   3.6830800e+02
   3.6819100e+02
   3.6810300e+02
   3.6804700e+02
   3.6802200e+02
   3.6802500e+02
   3.6805900e+02
   3.6812500e+02
   3.6822000e+02
   3.6834900e+02
   3.6850600e+02
   3.6870000e+02
   3.6893000e+02
   3.6919700e+02
   3.6950500e+02
   3.6985000e+02
   3.7024000e+02
   3.7067000e+02
   3.7114500e+02
   3.7166000e+02
   3.7221600e+02
   3.7281300e+02
   3.7344700e+02
   3.7412300e+02
   3.7483600e+02
   3.7558700e+02
   3.7636900e+02
   3.7719200e+02
   3.7805000e+02
   3.7894200e+02
   3.7986900e+02
   3.8082700e+02
   3.8181300e+02
   3.8282800e+02
   3.8386200e+02
   3.8491700e+02
   3.8598200e+02
   3.8704700e+02
   3.8811200e+02
   3.8917700e+02
   3.9024200e+02
   3.9130400e+02
   3.9236300e+02
   3.9342200e+02
   3.9449000e+02
   3.9557400e+02
   3.9667300e+02
   3.9778800e+02
   3.9891600e+02
   4.0005000e+02
   4.0116600e+02
   4.0224900e+02
