   0.0000000e+00
   0.0000000e+00
   0.0000000e+00
   0.0000000e+00
   0.0000000e+00
   0.0000000e+00
   0.0000000e+00
   0.0000000e+00
   0.0000000e+00
   0.0000000e+00
   0.0000000e+00
   0.0000000e+00
   0.0000000e+00
   0.0000000e+00
   0.0000000e+00
   0.0000000e+00
   0.0000000e+00
   0.0000000e+00
   0.0000000e+00
   0.0000000e+00
   0.0000000e+00
   0.0000000e+00
   0.0000000e+00
   0.0000000e+00
   0.0000000e+00
   0.0000000e+00
   0.0000000e+00
   0.0000000e+00
   0.0000000e+00
   0.0000000e+00
   0.0000000e+00
   0.0000000e+00
   0.0000000e+00
   0.0000000e+00
   0.0000000e+00
   0.0000000e+00
   0.0000000e+00
   0.0000000e+00
   0.0000000e+00
   0.0000000e+00
   0.0000000e+00
   0.0000000e+00
   0.0000000e+00
   0.0000000e+00
   0.0000000e+00
   0.0000000e+00
   0.0000000e+00
   0.0000000e+00
   0.0000000e+00
   0.0000000e+00
   0.0000000e+00
   0.0000000e+00
   0.0000000e+00
   0.0000000e+00
   0.0000000e+00
   0.0000000e+00
   0.0000000e+00
   0.0000000e+00
   0.0000000e+00
   0.0000000e+00
   0.0000000e+00
   0.0000000e+00
   0.0000000e+00
   0.0000000e+00
   0.0000000e+00
   0.0000000e+00
   0.0000000e+00
   0.0000000e+00
   0.0000000e+00
   0.0000000e+00
   0.0000000e+00
   0.0000000e+00
   0.0000000e+00
   0.0000000e+00
   0.0000000e+00
   0.0000000e+00
  -3.1415900e-03
  -3.1415900e-03
  -3.1415900e-03
  -3.1415900e-03
  -6.2831800e-03
  -6.2831800e-03
  -9.4247800e-03
  -9.4247800e-03
  -1.2566400e-02
  -1.2566400e-02
  -1.5708000e-02
  -1.5708000e-02
  -1.8849600e-02
  -1.8849600e-02
  -2.1991100e-02
  -2.5132700e-02
  -2.5132700e-02
  -2.8274300e-02
  -2.8274300e-02
  -3.1415900e-02
  -3.4557500e-02
  -3.7699100e-02
  -3.7699100e-02
  -4.0840700e-02
  -4.3982300e-02
  -4.3982300e-02
  -4.7123900e-02
  -5.0265500e-02
  -5.0265500e-02
  -5.3407100e-02
  -5.6548700e-02
  -5.6548700e-02
  -5.9690200e-02
  -6.2831800e-02
  -6.2831800e-02
  -6.5973400e-02
  -6.5973400e-02
  -6.5973400e-02
  -6.9115000e-02
  -6.9115000e-02
  -7.2256600e-02
  -7.2256600e-02
  -7.2256600e-02
  -7.2256600e-02
  -7.5398200e-02
  -7.5398200e-02
  -7.5398200e-02
  -7.5398200e-02
  -7.5398200e-02
  -7.5398200e-02
  -7.5398200e-02
  -7.5398200e-02
  -7.2256600e-02
  -7.2256600e-02
  -7.2256600e-02
  -6.9115000e-02
  -6.9115000e-02
  -6.5973400e-02
  -6.5973400e-02
  -6.5973400e-02
  -6.2831800e-02
  -6.2831800e-02
  -5.9690200e-02
  -5.6548700e-02
  -5.3407100e-02
  -5.3407100e-02
  -5.0265500e-02
  -4.7123900e-02
  -4.3982300e-02
  -4.0840700e-02
  -3.7699100e-02
  -3.4557500e-02
  -3.1415900e-02
  -2.8274300e-02
  -2.5132700e-02
  -2.1991100e-02
  -2.1991100e-02
  -1.8849600e-02
  -1.2566400e-02
  -9.4247800e-03
  -6.2831800e-03
  -3.1415900e-03
   0.0000000e+00
   3.1415900e-03
   6.2831800e-03
   9.4247800e-03
   1.2566400e-02
   1.5708000e-02
   1.8849600e-02
   2.1991100e-02
   2.1991100e-02
   2.5132700e-02
   2.8274300e-02
   3.1415900e-02
   3.4557500e-02
   3.4557500e-02
   3.7699100e-02
   4.0840700e-02
   4.3982300e-02
   4.3982300e-02
   4.7123900e-02
   4.7123900e-02
   5.0265500e-02
   5.0265500e-02
   5.0265500e-02
   5.3407100e-02
   5.3407100e-02
   5.3407100e-02
   5.6548700e-02
   5.6548700e-02
   5.6548700e-02
   5.6548700e-02
   5.6548700e-02
   5.6548700e-02
   5.6548700e-02
   5.6548700e-02
   5.3407100e-02
   5.3407100e-02
   5.3407100e-02
   5.0265500e-02
   5.0265500e-02
   4.7123900e-02
   4.7123900e-02
   4.7123900e-02
   4.3982300e-02
   4.3982300e-02
   4.0840700e-02
   4.0840700e-02
   3.7699100e-02
   3.4557500e-02
   3.4557500e-02
   3.4557500e-02
   3.1415900e-02
   2.8274300e-02
   2.8274300e-02
   2.5132700e-02
   2.5132700e-02
   2.1991100e-02
   2.1991100e-02
   1.8849600e-02
   1.8849600e-02
   1.5708000e-02
   1.5708000e-02
   1.2566400e-02
   1.2566400e-02
   9.4247800e-03
   9.4247800e-03
   6.2831800e-03
   6.2831800e-03
   6.2831800e-03
   3.1415900e-03
   3.1415900e-03
   3.1415900e-03
   0.0000000e+00
   0.0000000e+00
   0.0000000e+00
   0.0000000e+00
  -3.1415900e-03
  -3.1415900e-03
  -3.1415900e-03
  -3.1415900e-03
  -3.1415900e-03
  -3.1415900e-03
  -3.1415900e-03
  -3.1415900e-03
  -3.1415900e-03
  -6.2831800e-03
  -3.1415900e-03
  -3.1415900e-03
  -3.1415900e-03
  -3.1415900e-03
  -3.1415900e-03
  -3.1415900e-03
  -3.1415900e-03
  -3.1415900e-03
  -3.1415900e-03
   0.0000000e+00
   0.0000000e+00
   0.0000000e+00
   0.0000000e+00
   3.1415900e-03
   3.1415900e-03
   3.1415900e-03
   6.2831800e-03
   6.2831800e-03
   6.2831800e-03
   9.4247800e-03
   9.4247800e-03
   9.4247800e-03
   1.2566400e-02
   1.2566400e-02
   1.2566400e-02
   1.5708000e-02
   1.5708000e-02
   1.8849600e-02
   1.8849600e-02
   2.1991100e-02
   2.1991100e-02
   2.1991100e-02
   2.5132700e-02
   2.5132700e-02
   2.5132700e-02
   2.8274300e-02
   2.8274300e-02
   2.8274300e-02
   3.1415900e-02
   3.1415900e-02
   3.1415900e-02
   3.4557500e-02
   3.4557500e-02
   3.4557500e-02
   3.4557500e-02
   3.7699100e-02
   3.7699100e-02
   3.7699100e-02
   3.7699100e-02
   3.7699100e-02
   3.7699100e-02
   3.7699100e-02
   3.7699100e-02
   3.7699100e-02
   4.0840700e-02
   4.0840700e-02
   4.0840700e-02
   4.0840700e-02
   3.7699100e-02
   3.7699100e-02
   3.7699100e-02
   3.7699100e-02
   3.7699100e-02
   3.7699100e-02
   3.7699100e-02
   3.4557500e-02
   3.4557500e-02
   3.4557500e-02
   3.4557500e-02
   3.1415900e-02
   3.1415900e-02
   3.1415900e-02
   2.8274300e-02
   2.8274300e-02
   2.8274300e-02
   2.5132700e-02
   2.5132700e-02
   2.1991100e-02
   2.1991100e-02
   2.1991100e-02
   1.8849600e-02
   1.8849600e-02
   1.5708000e-02
   1.5708000e-02
   1.2566400e-02
   1.2566400e-02
   9.4247800e-03
   9.4247800e-03
   6.2831800e-03
   6.2831800e-03
   3.1415900e-03
   3.1415900e-03
   0.0000000e+00
   0.0000000e+00
  -3.1415900e-03
  -3.1415900e-03
  -3.1415900e-03
  -6.2831800e-03
  -6.2831800e-03
  -9.4247800e-03
  -9.4247800e-03
  -1.2566400e-02
  -1.2566400e-02
  -1.2566400e-02
  -1.5708000e-02
  -1.5708000e-02
  -1.5708000e-02
  -1.8849600e-02
  -1.8849600e-02
  -1.8849600e-02
  -1.8849600e-02
  -1.8849600e-02
  -1.8849600e-02
  -1.8849600e-02
  -1.8849600e-02
  -1.8849600e-02
  -1.8849600e-02
  -1.8849600e-02
  -1.8849600e-02
  -1.8849600e-02
  -1.5708000e-02
  -1.5708000e-02
  -1.2566400e-02
  -1.2566400e-02
  -9.4247800e-03
  -9.4247800e-03
  -6.2831800e-03
  -3.1415900e-03
   0.0000000e+00
   0.0000000e+00
   3.1415900e-03
   6.2831800e-03
   9.4247800e-03
   1.2566400e-02
   1.5708000e-02
   1.8849600e-02
   2.1991100e-02
   2.5132700e-02
   2.8274300e-02
   3.1415900e-02
   3.4557500e-02
   3.7699100e-02
   4.0840700e-02
   4.3982300e-02
   4.7123900e-02
   5.0265500e-02
   5.3407100e-02
   5.6548700e-02
   5.9690200e-02
   6.2831800e-02
   6.2831800e-02
   6.5973400e-02
   6.9115000e-02
   7.2256600e-02
   7.5398200e-02
   7.5398200e-02
   7.8539800e-02
   8.1681400e-02
   8.1681400e-02
   8.4823000e-02
   8.4823000e-02
   8.7964600e-02
   8.7964600e-02
   8.7964600e-02
   8.7964600e-02
   9.1106200e-02
   9.1106200e-02
   9.1106200e-02
   9.1106200e-02
   9.1106200e-02
   8.7964600e-02
   8.7964600e-02
   8.7964600e-02
   8.7964600e-02
   8.4823000e-02
   8.4823000e-02
   8.1681400e-02
   8.1681400e-02
   7.8539800e-02
   7.5398200e-02
   7.5398200e-02
   7.2256600e-02
   6.9115000e-02
   6.5973400e-02
   6.2831800e-02
   5.9690200e-02
   5.6548700e-02
   5.3407100e-02
   5.0265500e-02
   4.7123900e-02
   4.3982300e-02
   4.0840700e-02
   3.4557500e-02
   3.1415900e-02
   2.8274300e-02
   2.5132700e-02
   1.8849600e-02
   1.5708000e-02
   1.2566400e-02
   6.2831800e-03
   3.1415900e-03
   0.0000000e+00
  -3.1415900e-03
  -9.4247800e-03
  -1.2566400e-02
  -1.5708000e-02
  -1.8849600e-02
  -2.5132700e-02
  -2.8274300e-02
  -3.1415900e-02
  -3.4557500e-02
  -3.7699100e-02
  -4.0840700e-02
  -4.3982300e-02
  -4.7123900e-02
  -5.0265500e-02
  -5.3407100e-02
  -5.6548700e-02
  -5.9690200e-02
  -6.2831800e-02
  -6.2831800e-02
  -6.5973400e-02
  -6.5973400e-02
  -6.9115000e-02
  -6.9115000e-02
  -7.2256600e-02
  -7.2256600e-02
  -7.2256600e-02
  -7.2256600e-02
  -7.2256600e-02
  -7.5398200e-02
  -7.5398200e-02
  -7.2256600e-02
  -7.2256600e-02
  -7.2256600e-02
  -7.2256600e-02
  -6.9115000e-02
  -6.9115000e-02
  -6.9115000e-02
  -6.5973400e-02
  -6.2831800e-02
  -6.2831800e-02
  -5.9690200e-02
  -5.6548700e-02
  -5.6548700e-02
  -5.3407100e-02
  -5.0265500e-02
  -4.7123900e-02
  -4.3982300e-02
  -4.0840700e-02
  -3.7699100e-02
  -3.4557500e-02
  -3.1415900e-02
  -2.8274300e-02
  -2.1991100e-02
  -1.8849600e-02
  -1.5708000e-02
  -1.2566400e-02
  -6.2831800e-03
  -3.1415900e-03
   0.0000000e+00
   3.1415900e-03
   9.4247800e-03
   1.2566400e-02
   1.5708000e-02
   1.8849600e-02
   2.1991100e-02
   2.8274300e-02
   3.1415900e-02
   3.4557500e-02
   3.7699100e-02
   4.0840700e-02
   4.3982300e-02
   4.7123900e-02
   5.0265500e-02
   5.3407100e-02
   5.6548700e-02
   5.9690200e-02
   6.2831800e-02
   6.2831800e-02
   6.5973400e-02
   6.9115000e-02
   6.9115000e-02
   7.2256600e-02
   7.2256600e-02
   7.5398200e-02
   7.5398200e-02
   7.5398200e-02
   7.5398200e-02
   7.8539800e-02
   7.8539800e-02
   7.8539800e-02
   7.8539800e-02
   7.8539800e-02
   7.5398200e-02
   7.5398200e-02
   7.5398200e-02
   7.5398200e-02
   7.2256600e-02
   7.2256600e-02
   6.9115000e-02
   6.9115000e-02
   6.5973400e-02
   6.2831800e-02
   6.2831800e-02
   5.9690200e-02
   5.6548700e-02
   5.3407100e-02
   5.0265500e-02
   4.7123900e-02
   4.3982300e-02
   4.0840700e-02
   3.7699100e-02
   3.4557500e-02
   3.1415900e-02
   2.8274300e-02
   2.1991100e-02
   1.8849600e-02
   1.5708000e-02
   9.4247800e-03
   6.2831800e-03
   3.1415900e-03
  -3.1415900e-03
  -6.2831800e-03
  -9.4247800e-03
  -1.5708000e-02
  -1.8849600e-02
  -2.5132700e-02
  -2.8274300e-02
  -3.4557500e-02
  -3.7699100e-02
  -4.3982300e-02
  -4.7123900e-02
  -5.0265500e-02
  -5.6548700e-02
  -5.9690200e-02
  -6.2831800e-02
  -6.9115000e-02
  -7.2256600e-02
  -7.5398200e-02
  -8.1681400e-02
  -8.4823000e-02
  -8.7964600e-02
  -9.1106200e-02
  -9.4247800e-02
  -9.7389400e-02
  -1.0053100e-01
  -1.0053100e-01
  -1.0367300e-01
  -1.0681400e-01
  -1.0995600e-01
  -1.0995600e-01
  -1.1309700e-01
  -1.1309700e-01
  -1.1623900e-01
  -1.1623900e-01
  -1.1623900e-01
  -1.1623900e-01
  -1.1623900e-01
  -1.1623900e-01
  -1.1623900e-01
  -1.1623900e-01
  -1.1623900e-01
  -1.1309700e-01
  -1.1309700e-01
  -1.0995600e-01
  -1.0995600e-01
  -1.0681400e-01
  -1.0681400e-01
  -1.0367300e-01
  -1.0053100e-01
  -9.7389400e-02
  -9.4247800e-02
  -9.1106200e-02
  -8.7964600e-02
  -8.4823000e-02
  -8.1681400e-02
  -7.5398200e-02
  -7.2256600e-02
  -6.9115000e-02
  -6.2831800e-02
  -5.9690200e-02
  -5.3407100e-02
  -5.0265500e-02
  -4.3982300e-02
  -4.0840700e-02
  -3.4557500e-02
  -3.1415900e-02
  -2.5132700e-02
  -2.1991100e-02
  -1.5708000e-02
  -9.4247800e-03
  -6.2831800e-03
   0.0000000e+00
   3.1415900e-03
   9.4247800e-03
   1.2566400e-02
   1.8849600e-02
   2.1991100e-02
   2.8274300e-02
   3.1415900e-02
   3.4557500e-02
   4.0840700e-02
   4.3982300e-02
   4.7123900e-02
   5.0265500e-02
   5.3407100e-02
   5.6548700e-02
   5.9690200e-02
   6.2831800e-02
   6.5973400e-02
   6.9115000e-02
   7.2256600e-02
   7.2256600e-02
   7.5398200e-02
   7.5398200e-02
   7.8539800e-02
   7.8539800e-02
   7.8539800e-02
   8.1681400e-02
   8.1681400e-02
   8.1681400e-02
   8.1681400e-02
   8.1681400e-02
   8.1681400e-02
   7.8539800e-02
   7.8539800e-02
   7.5398200e-02
   7.5398200e-02
   7.2256600e-02
   7.2256600e-02
   6.9115000e-02
   6.5973400e-02
   6.2831800e-02
   5.9690200e-02
   5.6548700e-02
   5.3407100e-02
   5.0265500e-02
   4.7123900e-02
   4.3982300e-02
   4.0840700e-02
   3.7699100e-02
   3.1415900e-02
   2.8274300e-02
   2.1991100e-02
   1.8849600e-02
   1.5708000e-02
   9.4247800e-03
   6.2831800e-03
   0.0000000e+00
  -3.1415900e-03
  -9.4247800e-03
  -1.2566400e-02
  -1.8849600e-02
  -2.1991100e-02
  -2.5132700e-02
  -3.1415900e-02
  -3.4557500e-02
  -4.0840700e-02
  -4.3982300e-02
  -4.7123900e-02
  -5.3407100e-02
  -5.6548700e-02
  -5.9690200e-02
  -6.2831800e-02
  -6.5973400e-02
  -6.9115000e-02
  -7.2256600e-02
  -7.5398200e-02
  -7.8539800e-02
  -8.1681400e-02
  -8.1681400e-02
  -8.4823000e-02
  -8.7964600e-02
  -8.7964600e-02
  -8.7964600e-02
  -9.1106200e-02
  -9.1106200e-02
  -9.1106200e-02
  -9.1106200e-02
  -9.1106200e-02
  -9.1106200e-02
  -9.1106200e-02
  -9.1106200e-02
  -9.1106200e-02
  -9.1106200e-02
  -9.1106200e-02
  -9.1106200e-02
  -8.7964600e-02
  -8.7964600e-02
  -8.4823000e-02
  -8.4823000e-02
  -8.1681400e-02
  -8.1681400e-02
  -7.8539800e-02
  -7.8539800e-02
  -7.5398200e-02
  -7.5398200e-02
  -7.2256600e-02
  -6.9115000e-02
  -6.9115000e-02
  -6.5973400e-02
  -6.2831800e-02
  -6.2831800e-02
  -5.9690200e-02
  -5.6548700e-02
  -5.3407100e-02
  -5.3407100e-02
  -5.0265500e-02
  -4.7123900e-02
  -4.3982300e-02
  -4.0840700e-02
  -4.0840700e-02
  -3.7699100e-02
  -3.4557500e-02
  -3.1415900e-02
  -2.8274300e-02
  -2.5132700e-02
  -2.5132700e-02
  -2.1991100e-02
  -1.8849600e-02
  -1.5708000e-02
  -1.2566400e-02
  -1.2566400e-02
  -9.4247800e-03
  -6.2831800e-03
  -3.1415900e-03
  -3.1415900e-03
   0.0000000e+00
   3.1415900e-03
   6.2831800e-03
   6.2831800e-03
   9.4247800e-03
   9.4247800e-03
   1.2566400e-02
   1.5708000e-02
   1.5708000e-02
   1.8849600e-02
   1.8849600e-02
   2.1991100e-02
   2.1991100e-02
   2.1991100e-02
   2.5132700e-02
   2.5132700e-02
   2.5132700e-02
   2.5132700e-02
   2.8274300e-02
   2.8274300e-02
   2.8274300e-02
   2.8274300e-02
   2.8274300e-02
   2.8274300e-02
   2.8274300e-02
   2.8274300e-02
   2.8274300e-02
   2.8274300e-02
   2.8274300e-02
   2.8274300e-02
   2.5132700e-02
   2.5132700e-02
   2.5132700e-02
   2.5132700e-02
   2.1991100e-02
   2.1991100e-02
   2.1991100e-02
   1.8849600e-02
   1.8849600e-02
   1.5708000e-02
   1.5708000e-02
   1.2566400e-02
   1.2566400e-02
   9.4247800e-03
   9.4247800e-03
   6.2831800e-03
   6.2831800e-03
   3.1415900e-03
   0.0000000e+00
   0.0000000e+00
  -3.1415900e-03
  -6.2831800e-03
  -6.2831800e-03
  -6.2831800e-03
  -9.4247800e-03
  -1.2566400e-02
  -1.5708000e-02
  -1.5708000e-02
  -1.8849600e-02
  -1.8849600e-02
  -2.1991100e-02
  -2.1991100e-02
  -2.5132700e-02
  -2.5132700e-02
  -2.8274300e-02
  -2.8274300e-02
  -3.1415900e-02
  -3.1415900e-02
  -3.4557500e-02
  -3.4557500e-02
  -3.7699100e-02
  -3.7699100e-02
  -3.7699100e-02
  -4.0840700e-02
  -4.0840700e-02
  -4.0840700e-02
  -4.0840700e-02
  -4.0840700e-02
  -4.0840700e-02
  -4.0840700e-02
  -4.3982300e-02
  -4.3982300e-02
  -4.3982300e-02
  -4.3982300e-02
  -4.3982300e-02
  -4.0840700e-02
  -4.0840700e-02
  -4.0840700e-02
  -4.0840700e-02
  -4.0840700e-02
  -3.7699100e-02
  -3.7699100e-02
  -3.7699100e-02
  -3.7699100e-02
  -3.4557500e-02
  -3.4557500e-02
  -3.1415900e-02
  -3.1415900e-02
  -2.8274300e-02
  -2.8274300e-02
  -2.5132700e-02
  -2.5132700e-02
  -2.1991100e-02
  -2.1991100e-02
  -1.8849600e-02
  -1.8849600e-02
  -1.5708000e-02
  -1.2566400e-02
  -1.2566400e-02
  -9.4247800e-03
  -6.2831800e-03
  -6.2831800e-03
  -3.1415900e-03
  -3.1415900e-03
   0.0000000e+00
   3.1415900e-03
   3.1415900e-03
   6.2831800e-03
   9.4247800e-03
   9.4247800e-03
   1.2566400e-02
   1.5708000e-02
   1.5708000e-02
   1.8849600e-02
   1.8849600e-02
   2.1991100e-02
   2.1991100e-02
   2.5132700e-02
   2.5132700e-02
   2.8274300e-02
   2.8274300e-02
   3.1415900e-02
   3.1415900e-02
   3.1415900e-02
   3.4557500e-02
   3.4557500e-02
   3.4557500e-02
   3.7699100e-02
   3.7699100e-02
   3.7699100e-02
   3.7699100e-02
   4.0840700e-02
   4.0840700e-02
   4.0840700e-02
   4.0840700e-02
   4.3982300e-02
   4.3982300e-02
   4.3982300e-02
   4.3982300e-02
   4.3982300e-02
   4.3982300e-02
   4.7123900e-02
   4.7123900e-02
   4.7123900e-02
   4.7123900e-02
   4.7123900e-02
   4.7123900e-02
   4.7123900e-02
   4.7123900e-02
   4.7123900e-02
   4.7123900e-02
   4.7123900e-02
   4.7123900e-02
   4.7123900e-02
   4.7123900e-02
   4.7123900e-02
   4.3982300e-02
   4.3982300e-02
   4.3982300e-02
   4.3982300e-02
   4.3982300e-02
   4.3982300e-02
   4.3982300e-02
   4.0840700e-02
   4.0840700e-02
   4.0840700e-02
   4.0840700e-02
   3.7699100e-02
   3.7699100e-02
   3.7699100e-02
   3.7699100e-02
   3.4557500e-02
   3.4557500e-02
   3.4557500e-02
   3.4557500e-02
   3.1415900e-02
   3.1415900e-02
   3.1415900e-02
   2.8274300e-02
   2.8274300e-02
   2.5132700e-02
   2.5132700e-02
   2.5132700e-02
   2.5132700e-02
   2.1991100e-02
   2.1991100e-02
   1.8849600e-02
   1.8849600e-02
   1.8849600e-02
   1.5708000e-02
   1.5708000e-02
   1.5708000e-02
   1.2566400e-02
   1.2566400e-02
   9.4247800e-03
   9.4247800e-03
   9.4247800e-03
   9.4247800e-03
   6.2831800e-03
   6.2831800e-03
   6.2831800e-03
   6.2831800e-03
   3.1415900e-03
   3.1415900e-03
   3.1415900e-03
   0.0000000e+00
   0.0000000e+00
   0.0000000e+00
   0.0000000e+00
   0.0000000e+00
   0.0000000e+00
   0.0000000e+00
  -3.1415900e-03
  -3.1415900e-03
  -3.1415900e-03
  -3.1415900e-03
  -3.1415900e-03
  -3.1415900e-03
  -3.1415900e-03
  -3.1415900e-03
  -3.1415900e-03
  -3.1415900e-03
  -3.1415900e-03
  -3.1415900e-03
  -3.1415900e-03
  -3.1415900e-03
  -3.1415900e-03
  -3.1415900e-03
  -3.1415900e-03
   0.0000000e+00
   0.0000000e+00
   0.0000000e+00
   0.0000000e+00
   0.0000000e+00
   0.0000000e+00
   3.1415900e-03
   3.1415900e-03
   3.1415900e-03
   3.1415900e-03
   6.2831800e-03
   6.2831800e-03
   6.2831800e-03
   6.2831800e-03
   6.2831800e-03
   9.4247800e-03
   9.4247800e-03
   9.4247800e-03
   9.4247800e-03
   1.2566400e-02
   1.2566400e-02
   1.2566400e-02
   1.2566400e-02
   1.5708000e-02
   1.5708000e-02
   1.5708000e-02
   1.5708000e-02
   1.8849600e-02
   1.8849600e-02
   1.8849600e-02
   1.8849600e-02
   1.8849600e-02
   2.1991100e-02
   2.1991100e-02
   2.1991100e-02
   2.1991100e-02
   2.1991100e-02
   2.1991100e-02
   2.5132700e-02
   2.5132700e-02
   2.5132700e-02
   2.5132700e-02
   2.5132700e-02
   2.5132700e-02
   2.5132700e-02
   2.5132700e-02
   2.5132700e-02
   2.5132700e-02
   2.5132700e-02
   2.5132700e-02
   2.5132700e-02
   2.5132700e-02
   2.5132700e-02
   2.1991100e-02
   2.1991100e-02
   2.1991100e-02
   2.1991100e-02
   2.1991100e-02
   1.8849600e-02
   1.8849600e-02
   1.8849600e-02
   1.8849600e-02
   1.5708000e-02
   1.5708000e-02
   1.5708000e-02
   1.2566400e-02
   1.2566400e-02
   1.2566400e-02
   9.4247800e-03
   9.4247800e-03
   6.2831800e-03
   6.2831800e-03
   6.2831800e-03
   6.2831800e-03
   3.1415900e-03
   3.1415900e-03
   3.1415900e-03
   3.1415900e-03
   3.1415900e-03
   0.0000000e+00
   0.0000000e+00
   0.0000000e+00
   0.0000000e+00
   0.0000000e+00
   0.0000000e+00
   3.1415900e-03
   3.1415900e-03
   3.1415900e-03
   3.1415900e-03
   6.2831800e-03
   6.2831800e-03
   6.2831800e-03
   9.4247800e-03
   9.4247800e-03
   1.2566400e-02
   1.2566400e-02
   1.5708000e-02
   1.5708000e-02
   1.8849600e-02
   1.8849600e-02
   2.1991100e-02
   2.1991100e-02
   2.5132700e-02
   2.8274300e-02
   2.8274300e-02
   3.1415900e-02
   3.4557500e-02
   3.4557500e-02
   3.7699100e-02
   3.7699100e-02
   4.0840700e-02
   4.3982300e-02
   4.3982300e-02
   4.7123900e-02
   5.0265500e-02
   5.0265500e-02
   5.3407100e-02
   5.3407100e-02
   5.6548700e-02
   5.6548700e-02
   5.9690200e-02
   5.9690200e-02
   5.9690200e-02
   6.2831800e-02
   6.2831800e-02
   6.2831800e-02
   6.2831800e-02
   6.2831800e-02
   6.5973400e-02
   6.5973400e-02
   6.5973400e-02
   6.5973400e-02
   6.5973400e-02
   6.5973400e-02
   6.5973400e-02
   6.5973400e-02
   6.2831800e-02
   6.2831800e-02
   6.2831800e-02
   6.2831800e-02
   5.9690200e-02
   5.9690200e-02
   5.9690200e-02
   5.6548700e-02
   5.6548700e-02
   5.3407100e-02
   5.0265500e-02
   5.0265500e-02
   4.7123900e-02
   4.3982300e-02
   4.3982300e-02
   4.0840700e-02
   3.7699100e-02
   3.4557500e-02
   3.4557500e-02
   3.1415900e-02
   2.8274300e-02
   2.5132700e-02
   2.1991100e-02
   2.1991100e-02
   1.5708000e-02
   1.5708000e-02
   1.2566400e-02
   9.4247800e-03
   6.2831800e-03
   3.1415900e-03
   0.0000000e+00
  -3.1415900e-03
  -6.2831800e-03
  -6.2831800e-03
  -9.4247800e-03
  -1.2566400e-02
  -1.5708000e-02
  -1.8849600e-02
  -2.1991100e-02
  -2.5132700e-02
  -2.5132700e-02
  -2.8274300e-02
  -3.1415900e-02
  -3.1415900e-02
  -3.4557500e-02
  -3.7699100e-02
  -3.7699100e-02
  -4.0840700e-02
  -4.0840700e-02
  -4.3982300e-02
  -4.3982300e-02
  -4.3982300e-02
  -4.7123900e-02
  -4.7123900e-02
  -5.0265500e-02
  -5.0265500e-02
  -5.0265500e-02
  -5.0265500e-02
  -5.0265500e-02
  -5.0265500e-02
  -5.0265500e-02
  -5.0265500e-02
  -5.0265500e-02
  -5.0265500e-02
  -4.7123900e-02
  -4.7123900e-02
  -4.7123900e-02
  -4.3982300e-02
  -4.3982300e-02
  -4.3982300e-02
  -4.0840700e-02
  -4.0840700e-02
  -3.7699100e-02
  -3.7699100e-02
  -3.4557500e-02
  -3.4557500e-02
  -3.1415900e-02
  -2.8274300e-02
  -2.8274300e-02
  -2.5132700e-02
  -2.1991100e-02
  -1.8849600e-02
  -1.5708000e-02
  -1.5708000e-02
  -1.2566400e-02
  -9.4247800e-03
  -6.2831800e-03
  -3.1415900e-03
   0.0000000e+00
   0.0000000e+00
   3.1415900e-03
   6.2831800e-03
   9.4247800e-03
   1.2566400e-02
   1.2566400e-02
   1.5708000e-02
   1.8849600e-02
   2.1991100e-02
   2.5132700e-02
   2.8274300e-02
   2.8274300e-02
   3.1415900e-02
   3.4557500e-02
   3.4557500e-02
   3.7699100e-02
   3.7699100e-02
   4.0840700e-02
   4.0840700e-02
   4.3982300e-02
   4.3982300e-02
   4.7123900e-02
   4.7123900e-02
   5.0265500e-02
   5.0265500e-02
   5.0265500e-02
   5.0265500e-02
   5.0265500e-02
   5.0265500e-02
   5.0265500e-02
   5.3407100e-02
   5.3407100e-02
   5.3407100e-02
   5.0265500e-02
   5.0265500e-02
   5.0265500e-02
   5.0265500e-02
   5.0265500e-02
   4.7123900e-02
   4.7123900e-02
   4.7123900e-02
   4.3982300e-02
   4.3982300e-02
   4.0840700e-02
   4.0840700e-02
   3.7699100e-02
   3.7699100e-02
   3.4557500e-02
   3.1415900e-02
   3.1415900e-02
   2.8274300e-02
   2.5132700e-02
   2.1991100e-02
   2.1991100e-02
   1.8849600e-02
   1.5708000e-02
   1.2566400e-02
   9.4247800e-03
   9.4247800e-03
   6.2831800e-03
   3.1415900e-03
   0.0000000e+00
  -3.1415900e-03
  -6.2831800e-03
  -9.4247800e-03
  -1.2566400e-02
  -1.2566400e-02
  -1.5708000e-02
  -1.8849600e-02
  -2.1991100e-02
  -2.5132700e-02
  -2.8274300e-02
  -3.1415900e-02
  -3.4557500e-02
  -3.7699100e-02
  -4.0840700e-02
  -4.3982300e-02
  -4.7123900e-02
  -5.0265500e-02
  -5.3407100e-02
  -5.6548700e-02
  -5.9690200e-02
  -5.9690200e-02
  -6.2831800e-02
  -6.5973400e-02
  -6.9115000e-02
  -6.9115000e-02
  -7.2256600e-02
  -7.5398200e-02
  -7.5398200e-02
  -7.8539800e-02
  -7.8539800e-02
  -8.1681400e-02
  -8.1681400e-02
  -8.1681400e-02
  -8.4823000e-02
  -8.4823000e-02
  -8.4823000e-02
  -8.7964600e-02
  -8.7964600e-02
  -8.7964600e-02
  -8.7964600e-02
  -8.7964600e-02
  -8.7964600e-02
  -8.7964600e-02
  -8.4823000e-02
  -8.4823000e-02
  -8.4823000e-02
  -8.4823000e-02
  -8.1681400e-02
  -8.1681400e-02
  -7.8539800e-02
  -7.8539800e-02
  -7.5398200e-02
  -7.2256600e-02
  -7.2256600e-02
  -6.9115000e-02
  -6.5973400e-02
  -6.2831800e-02
  -5.9690200e-02
  -5.6548700e-02
  -5.6548700e-02
  -5.3407100e-02
  -5.0265500e-02
  -4.7123900e-02
  -4.3982300e-02
  -4.0840700e-02
  -3.7699100e-02
  -3.4557500e-02
  -2.8274300e-02
  -2.5132700e-02
  -2.1991100e-02
  -1.8849600e-02
  -1.5708000e-02
  -1.2566400e-02
  -9.4247800e-03
  -6.2831800e-03
  -3.1415900e-03
   0.0000000e+00
   6.2831800e-03
   9.4247800e-03
   1.2566400e-02
   1.2566400e-02
   1.8849600e-02
   1.8849600e-02
   2.1991100e-02
   2.5132700e-02
   2.8274300e-02
   3.1415900e-02
   3.4557500e-02
   3.4557500e-02
   3.7699100e-02
   4.0840700e-02
   4.0840700e-02
   4.3982300e-02
   4.3982300e-02
   4.7123900e-02
   4.7123900e-02
   4.7123900e-02
   5.0265500e-02
   5.0265500e-02
   5.0265500e-02
   5.0265500e-02
   5.0265500e-02
   5.0265500e-02
