  -3.1415900e-03
  -3.1415900e-03
  -3.1415900e-03
   0.0000000e+00
   0.0000000e+00
   0.0000000e+00
   0.0000000e+00
   0.0000000e+00
   0.0000000e+00
   0.0000000e+00
   0.0000000e+00
   0.0000000e+00
   3.1415900e-03
   3.1415900e-03
   3.1415900e-03
   3.1415900e-03
   3.1415900e-03
   3.1415900e-03
   3.1415900e-03
   3.1415900e-03
   3.1415900e-03
   3.1415900e-03
   3.1415900e-03
   6.2831800e-03
   6.2831800e-03
   6.2831800e-03
   6.2831800e-03
   6.2831800e-03
   6.2831800e-03
   6.2831800e-03
   6.2831800e-03
   6.2831800e-03
   6.2831800e-03
   6.2831800e-03
   6.2831800e-03
   3.1415900e-03
   3.1415900e-03
   3.1415900e-03
   3.1415900e-03
   3.1415900e-03
   3.1415900e-03
   3.1415900e-03
   0.0000000e+00
   0.0000000e+00
   0.0000000e+00
   0.0000000e+00
   0.0000000e+00
  -3.1415900e-03
  -3.1415900e-03
  -3.1415900e-03
  -3.1415900e-03
  -3.1415900e-03
  -6.2831800e-03
  -6.2831800e-03
  -6.2831800e-03
  -6.2831800e-03
  -9.4247800e-03
  -9.4247800e-03
  -9.4247800e-03
  -9.4247800e-03
  -1.2566400e-02
  -1.2566400e-02
  -1.2566400e-02
  -1.2566400e-02
  -1.5708000e-02
  -1.5708000e-02
  -1.5708000e-02
  -1.5708000e-02
  -1.5708000e-02
  -1.8849600e-02
  -1.8849600e-02
  -1.8849600e-02
  -1.8849600e-02
  -2.1991100e-02
  -2.1991100e-02
  -2.1991100e-02
  -2.1991100e-02
  -2.5132700e-02
  -2.5132700e-02
  -2.5132700e-02
  -2.5132700e-02
  -2.5132700e-02
  -2.5132700e-02
  -2.5132700e-02
  -2.8274300e-02
  -2.8274300e-02
  -2.8274300e-02
  -2.8274300e-02
  -2.8274300e-02
  -2.8274300e-02
  -2.8274300e-02
  -2.8274300e-02
  -2.8274300e-02
  -2.8274300e-02
  -2.8274300e-02
  -2.8274300e-02
  -2.8274300e-02
  -2.8274300e-02
  -2.8274300e-02
  -2.8274300e-02
  -2.8274300e-02
  -2.8274300e-02
  -2.8274300e-02
  -2.8274300e-02
  -2.8274300e-02
  -2.8274300e-02
  -2.8274300e-02
  -2.8274300e-02
  -2.8274300e-02
  -2.8274300e-02
  -2.8274300e-02
  -2.8274300e-02
  -2.8274300e-02
  -2.8274300e-02
  -2.8274300e-02
  -2.8274300e-02
  -2.8274300e-02
  -2.5132700e-02
  -2.5132700e-02
  -2.5132700e-02
  -2.5132700e-02
  -2.5132700e-02
  -2.5132700e-02
  -2.5132700e-02
  -2.5132700e-02
  -2.5132700e-02
  -2.1991100e-02
  -2.1991100e-02
  -2.1991100e-02
  -2.1991100e-02
  -2.1991100e-02
  -2.1991100e-02
  -2.1991100e-02
  -1.8849600e-02
  -1.8849600e-02
  -1.8849600e-02
  -1.8849600e-02
  -1.8849600e-02
  -1.8849600e-02
  -1.5708000e-02
  -1.5708000e-02
  -1.5708000e-02
  -1.5708000e-02
  -1.5708000e-02
  -1.5708000e-02
  -1.2566400e-02
  -1.2566400e-02
  -1.2566400e-02
  -1.2566400e-02
  -1.2566400e-02
  -1.2566400e-02
  -1.2566400e-02
  -1.2566400e-02
  -9.4247800e-03
  -9.4247800e-03
  -9.4247800e-03
  -9.4247800e-03
  -9.4247800e-03
  -6.2831800e-03
  -6.2831800e-03
  -6.2831800e-03
  -6.2831800e-03
  -3.1415900e-03
  -3.1415900e-03
  -3.1415900e-03
  -3.1415900e-03
   0.0000000e+00
   0.0000000e+00
   3.1415900e-03
   3.1415900e-03
   3.1415900e-03
   3.1415900e-03
   6.2831800e-03
   6.2831800e-03
   6.2831800e-03
   9.4247800e-03
   9.4247800e-03
   9.4247800e-03
   1.2566400e-02
   1.2566400e-02
   1.2566400e-02
   1.2566400e-02
   1.5708000e-02
   1.5708000e-02
   1.5708000e-02
   1.8849600e-02
   1.8849600e-02
   1.8849600e-02
   2.1991100e-02
   2.1991100e-02
   2.1991100e-02
   2.1991100e-02
   2.5132700e-02
   2.5132700e-02
   2.5132700e-02
   2.5132700e-02
   2.5132700e-02
   2.8274300e-02
   2.8274300e-02
   2.8274300e-02
   2.8274300e-02
   2.8274300e-02
   3.1415900e-02
   3.1415900e-02
   3.1415900e-02
   3.1415900e-02
   3.1415900e-02
   3.1415900e-02
   3.4557500e-02
   3.4557500e-02
   3.4557500e-02
   3.4557500e-02
   3.4557500e-02
   3.4557500e-02
   3.7699100e-02
   3.7699100e-02
   3.7699100e-02
   3.7699100e-02
   3.7699100e-02
   4.0840700e-02
   4.0840700e-02
   4.0840700e-02
   4.0840700e-02
   4.0840700e-02
   4.3982300e-02
   4.3982300e-02
   4.3982300e-02
   4.3982300e-02
   4.3982300e-02
   4.7123900e-02
   4.7123900e-02
   4.7123900e-02
   4.7123900e-02
   4.7123900e-02
   5.0265500e-02
   5.0265500e-02
   5.0265500e-02
   5.0265500e-02
   5.0265500e-02
   5.0265500e-02
   5.0265500e-02
   5.3407100e-02
   5.3407100e-02
   5.3407100e-02
   5.3407100e-02
   5.3407100e-02
   5.3407100e-02
   5.6548700e-02
   5.6548700e-02
   5.6548700e-02
   5.6548700e-02
   5.6548700e-02
   5.6548700e-02
   5.6548700e-02
   5.6548700e-02
   5.6548700e-02
   5.6548700e-02
   5.6548700e-02
   5.6548700e-02
   5.6548700e-02
   5.9690200e-02
   5.6548700e-02
   5.6548700e-02
   5.6548700e-02
   5.6548700e-02
   5.6548700e-02
   5.6548700e-02
   5.3407100e-02
   5.3407100e-02
   5.0265500e-02
   5.0265500e-02
   4.7123900e-02
   4.7123900e-02
   4.3982300e-02
   4.3982300e-02
   4.0840700e-02
   3.7699100e-02
   3.7699100e-02
   3.4557500e-02
   3.1415900e-02
   2.8274300e-02
   2.5132700e-02
   2.5132700e-02
   2.1991100e-02
   1.8849600e-02
   1.5708000e-02
   1.2566400e-02
   9.4247800e-03
   6.2831800e-03
   3.1415900e-03
  -3.1415900e-03
  -6.2831800e-03
  -9.4247800e-03
  -1.2566400e-02
  -1.5708000e-02
  -1.8849600e-02
  -2.5132700e-02
  -2.8274300e-02
  -3.1415900e-02
  -3.7699100e-02
  -4.0840700e-02
  -4.3982300e-02
  -4.7123900e-02
  -5.3407100e-02
  -5.6548700e-02
  -5.9690200e-02
  -6.2831800e-02
  -6.9115000e-02
  -7.2256600e-02
  -7.5398200e-02
  -7.8539800e-02
  -8.1681400e-02
  -8.4823000e-02
  -8.7964600e-02
  -9.1106200e-02
  -9.4247800e-02
  -9.7389400e-02
  -1.0053100e-01
  -1.0367300e-01
  -1.0681400e-01
  -1.0995600e-01
  -1.0995600e-01
  -1.1309700e-01
  -1.1623900e-01
  -1.1623900e-01
  -1.1938000e-01
  -1.1938000e-01
  -1.1938000e-01
  -1.2252200e-01
  -1.2252200e-01
  -1.2252200e-01
  -1.2252200e-01
  -1.2252200e-01
  -1.1938000e-01
  -1.1938000e-01
  -1.1623900e-01
  -1.1623900e-01
  -1.1309700e-01
  -1.0995600e-01
  -1.0681400e-01
  -1.0367300e-01
  -1.0367300e-01
  -9.7389400e-02
  -9.4247800e-02
  -9.1106200e-02
  -8.4823000e-02
  -8.1681400e-02
  -7.5398200e-02
  -7.2256600e-02
  -6.5973400e-02
  -5.9690200e-02
  -5.3407100e-02
  -5.0265500e-02
  -4.3982300e-02
  -3.4557500e-02
  -2.8274300e-02
  -2.1991100e-02
  -1.5708000e-02
  -9.4247800e-03
   0.0000000e+00
   6.2831800e-03
   1.2566400e-02
   2.1991100e-02
   2.8274300e-02
   3.7699100e-02
   4.3982300e-02
   5.3407100e-02
   5.9690200e-02
   6.9115000e-02
   7.5398200e-02
   8.1681400e-02
   9.1106200e-02
   9.7389400e-02
   1.0367300e-01
   1.1309700e-01
   1.1938000e-01
   1.2566400e-01
   1.3194700e-01
   1.3823000e-01
   1.4451300e-01
   1.5079600e-01
   1.5393800e-01
   1.6022100e-01
   1.6336300e-01
   1.6964600e-01
   1.7278800e-01
   1.7907100e-01
   1.8221200e-01
   1.8535400e-01
   1.8535400e-01
   1.8849600e-01
   1.9163700e-01
   1.9163700e-01
   1.9163700e-01
   1.9163700e-01
   1.9163700e-01
   1.9163700e-01
   1.8849600e-01
   1.8849600e-01
   1.8535400e-01
   1.8221200e-01
   1.7907100e-01
   1.7592900e-01
   1.7278800e-01
   1.6650400e-01
   1.6022100e-01
   1.5393800e-01
   1.4765500e-01
   1.4137200e-01
   1.3508800e-01
   1.2566400e-01
   1.1623900e-01
   1.0995600e-01
   1.0053100e-01
   9.1106200e-02
   7.8539800e-02
   6.9115000e-02
   5.9690200e-02
   4.7123900e-02
   3.7699100e-02
   2.5132700e-02
   1.5708000e-02
   3.1415900e-03
  -6.2831800e-03
  -1.8849600e-02
  -3.1415900e-02
  -4.3982300e-02
  -5.6548700e-02
  -6.5973400e-02
  -7.8539800e-02
  -9.1106200e-02
  -1.0053100e-01
  -1.1309700e-01
  -1.2566400e-01
  -1.3508800e-01
  -1.4451300e-01
  -1.5708000e-01
  -1.6650400e-01
  -1.7592900e-01
  -1.8535400e-01
  -1.9477900e-01
  -2.0420300e-01
  -2.1048700e-01
  -2.1677000e-01
  -2.2305300e-01
  -2.2933600e-01
  -2.3561900e-01
  -2.4190300e-01
  -2.4504400e-01
  -2.4818600e-01
  -2.5132700e-01
  -2.5446900e-01
  -2.5446900e-01
  -2.5446900e-01
  -2.5446900e-01
  -2.5446900e-01
  -2.5132700e-01
  -2.5132700e-01
  -2.4818600e-01
  -2.4190300e-01
  -2.3876100e-01
  -2.3247800e-01
  -2.2619500e-01
  -2.1991100e-01
  -2.1362800e-01
  -2.0420300e-01
  -1.9477900e-01
  -1.8535400e-01
  -1.7592900e-01
  -1.6336300e-01
  -1.5393800e-01
  -1.4137200e-01
  -1.2880500e-01
  -1.1623900e-01
  -1.0367300e-01
  -9.1106200e-02
  -7.5398200e-02
  -6.2831800e-02
  -4.7123900e-02
  -3.1415900e-02
  -1.5708000e-02
  -3.1415900e-03
   1.2566400e-02
   2.8274300e-02
   4.3982300e-02
   5.9690200e-02
   7.2256600e-02
   8.7964600e-02
   1.0053100e-01
   1.1623900e-01
   1.2880500e-01
   1.4137200e-01
   1.5708000e-01
   1.6964600e-01
   1.8221200e-01
   1.9163700e-01
   2.0420300e-01
   2.1362800e-01
   2.2305300e-01
   2.3247800e-01
   2.3876100e-01
   2.4818600e-01
   2.5446900e-01
   2.6075200e-01
   2.6389400e-01
   2.7017700e-01
   2.7331800e-01
   2.7646000e-01
   2.7646000e-01
   2.7960200e-01
   2.7960200e-01
   2.7960200e-01
   2.7646000e-01
   2.7331800e-01
   2.7017700e-01
   2.6703500e-01
   2.6389400e-01
   2.5761100e-01
   2.5132700e-01
   2.4504400e-01
   2.3561900e-01
   2.2619500e-01
   2.1677000e-01
   2.0734500e-01
   1.9792000e-01
   1.8535400e-01
   1.7592900e-01
   1.6336300e-01
   1.5079600e-01
   1.3823000e-01
   1.2566400e-01
   1.1309700e-01
   9.7389400e-02
   8.4823000e-02
   7.2256600e-02
   5.6548700e-02
   4.3982300e-02
   2.8274300e-02
   1.5708000e-02
   0.0000000e+00
  -1.2566400e-02
  -2.5132700e-02
  -4.0840700e-02
  -5.3407100e-02
  -6.5973400e-02
  -7.8539800e-02
  -9.1106200e-02
  -1.0367300e-01
  -1.1309700e-01
  -1.2566400e-01
  -1.3508800e-01
  -1.4765500e-01
  -1.5708000e-01
  -1.6650400e-01
  -1.7592900e-01
  -1.8221200e-01
  -1.9163700e-01
  -1.9792000e-01
  -2.0420300e-01
  -2.0734500e-01
  -2.1362800e-01
  -2.1677000e-01
  -2.1991100e-01
  -2.2305300e-01
  -2.2619500e-01
  -2.2933600e-01
  -2.2933600e-01
  -2.3247800e-01
  -2.3247800e-01
  -2.3247800e-01
  -2.3247800e-01
  -2.2933600e-01
  -2.2933600e-01
  -2.2619500e-01
  -2.2305300e-01
  -2.1991100e-01
  -2.1677000e-01
  -2.1048700e-01
  -2.0734500e-01
  -2.0106200e-01
  -1.9477900e-01
  -1.9163700e-01
  -1.8535400e-01
  -1.7907100e-01
  -1.6964600e-01
  -1.6336300e-01
  -1.5708000e-01
  -1.4765500e-01
  -1.4137200e-01
  -1.3194700e-01
  -1.2252200e-01
  -1.1623900e-01
  -1.0681400e-01
  -9.7389400e-02
  -8.7964600e-02
  -7.8539800e-02
  -6.9115000e-02
  -5.9690200e-02
  -4.7123900e-02
  -3.7699100e-02
  -2.8274300e-02
  -1.8849600e-02
  -6.2831800e-03
   3.1415900e-03
   1.2566400e-02
   2.1991100e-02
   3.4557500e-02
   4.3982300e-02
   5.3407100e-02
   6.5973400e-02
   7.5398200e-02
   8.4823000e-02
   9.7389400e-02
   1.0681400e-01
   1.1623900e-01
   1.2566400e-01
   1.3508800e-01
   1.4451300e-01
   1.5393800e-01
   1.6336300e-01
   1.6964600e-01
   1.7907100e-01
   1.8535400e-01
   1.9163700e-01
   2.0106200e-01
   2.0734500e-01
   2.1048700e-01
   2.1677000e-01
   2.2305300e-01
   2.2619500e-01
   2.3247800e-01
   2.3561900e-01
   2.3876100e-01
   2.3876100e-01
   2.4190300e-01
   2.4190300e-01
   2.4190300e-01
   2.4190300e-01
   2.4190300e-01
   2.3876100e-01
   2.3561900e-01
   2.3247800e-01
   2.2933600e-01
   2.2305300e-01
   2.1677000e-01
   2.1048700e-01
   2.0420300e-01
   1.9792000e-01
   1.8849600e-01
   1.8221200e-01
   1.7278800e-01
   1.6336300e-01
   1.5079600e-01
   1.4137200e-01
   1.2880500e-01
   1.1623900e-01
   1.0367300e-01
   9.1106200e-02
   7.8539800e-02
   6.5973400e-02
   5.3407100e-02
   3.7699100e-02
   2.5132700e-02
   1.2566400e-02
  -3.1415900e-03
  -1.5708000e-02
  -3.1415900e-02
  -4.3982300e-02
  -5.6548700e-02
  -6.9115000e-02
  -8.4823000e-02
  -9.7389400e-02
  -1.0681400e-01
  -1.1938000e-01
  -1.3194700e-01
  -1.4137200e-01
  -1.5393800e-01
  -1.6336300e-01
  -1.7278800e-01
  -1.7907100e-01
  -1.8849600e-01
  -1.9792000e-01
  -2.0420300e-01
  -2.1048700e-01
  -2.1677000e-01
  -2.1991100e-01
  -2.2619500e-01
  -2.2933600e-01
  -2.3247800e-01
  -2.3247800e-01
  -2.3561900e-01
  -2.3561900e-01
  -2.3561900e-01
  -2.3561900e-01
  -2.3561900e-01
  -2.3247800e-01
  -2.2933600e-01
  -2.2619500e-01
  -2.2305300e-01
  -2.1991100e-01
  -2.1677000e-01
  -2.1048700e-01
  -2.0734500e-01
  -2.0106200e-01
  -1.9477900e-01
  -1.8849600e-01
  -1.8221200e-01
  -1.7592900e-01
  -1.6650400e-01
  -1.6022100e-01
  -1.5079600e-01
  -1.4137200e-01
  -1.3508800e-01
  -1.2566400e-01
  -1.1623900e-01
  -1.0681400e-01
  -9.7389400e-02
  -8.7964600e-02
  -7.8539800e-02
  -6.9115000e-02
  -5.9690200e-02
  -5.0265500e-02
  -3.7699100e-02
  -2.8274300e-02
  -1.8849600e-02
  -6.2831800e-03
   3.1415900e-03
   1.2566400e-02
   2.5132700e-02
   3.4557500e-02
   4.7123900e-02
   5.6548700e-02
   6.9115000e-02
   7.8539800e-02
   8.7964600e-02
   1.0053100e-01
   1.0995600e-01
   1.1938000e-01
   1.3194700e-01
   1.4137200e-01
   1.4765500e-01
   1.5708000e-01
   1.6650400e-01
   1.7592900e-01
   1.8535400e-01
   1.9163700e-01
   1.9792000e-01
   2.0734500e-01
   2.1362800e-01
   2.1991100e-01
   2.2305300e-01
   2.2933600e-01
   2.3247800e-01
   2.3561900e-01
   2.3876100e-01
   2.3876100e-01
   2.4190300e-01
   2.4190300e-01
   2.4190300e-01
   2.4190300e-01
   2.3876100e-01
   2.3561900e-01
   2.3247800e-01
   2.2933600e-01
   2.2619500e-01
   2.1991100e-01
   2.1362800e-01
   2.0734500e-01
   2.0106200e-01
   1.9163700e-01
   1.8221200e-01
   1.7592900e-01
   1.6336300e-01
   1.5393800e-01
   1.4451300e-01
   1.3194700e-01
   1.2252200e-01
   1.0995600e-01
   9.7389400e-02
   8.4823000e-02
   7.5398200e-02
   6.2831800e-02
   5.0265500e-02
   3.7699100e-02
   2.5132700e-02
   1.2566400e-02
   0.0000000e+00
  -1.2566400e-02
  -2.1991100e-02
  -3.4557500e-02
  -4.7123900e-02
  -5.6548700e-02
  -6.9115000e-02
  -7.8539800e-02
  -9.1106200e-02
  -1.0053100e-01
  -1.0995600e-01
  -1.1938000e-01
  -1.2880500e-01
  -1.3823000e-01
  -1.4451300e-01
  -1.5393800e-01
  -1.6022100e-01
  -1.6650400e-01
  -1.7278800e-01
  -1.7907100e-01
  -1.8535400e-01
  -1.9163700e-01
  -1.9477900e-01
  -1.9792000e-01
  -2.0420300e-01
  -2.0734500e-01
  -2.1048700e-01
  -2.1362800e-01
  -2.1677000e-01
  -2.1677000e-01
  -2.1991100e-01
  -2.1991100e-01
  -2.1991100e-01
  -2.1991100e-01
  -2.1991100e-01
  -2.1991100e-01
  -2.1991100e-01
  -2.1677000e-01
  -2.1677000e-01
  -2.1362800e-01
  -2.1048700e-01
  -2.0420300e-01
  -2.0106200e-01
  -1.9477900e-01
  -1.9163700e-01
  -1.8221200e-01
  -1.7592900e-01
  -1.6964600e-01
  -1.6022100e-01
  -1.5393800e-01
  -1.4451300e-01
  -1.3508800e-01
  -1.2566400e-01
  -1.1309700e-01
  -1.0367300e-01
  -9.1106200e-02
  -8.1681400e-02
  -6.9115000e-02
  -5.6548700e-02
  -4.3982300e-02
  -3.1415900e-02
  -1.8849600e-02
  -6.2831800e-03
   6.2831800e-03
   1.8849600e-02
   3.4557500e-02
   4.7123900e-02
   5.9690200e-02
   6.9115000e-02
   8.1681400e-02
   9.4247800e-02
   1.0681400e-01
   1.1623900e-01
   1.2566400e-01
   1.3508800e-01
   1.4451300e-01
   1.5393800e-01
   1.6336300e-01
   1.7278800e-01
   1.7907100e-01
   1.8535400e-01
   1.9163700e-01
   1.9792000e-01
   2.0106200e-01
   2.0734500e-01
   2.1048700e-01
   2.1362800e-01
   2.1362800e-01
   2.1677000e-01
   2.1991100e-01
   2.1991100e-01
   2.1991100e-01
   2.1991100e-01
   2.1991100e-01
   2.1677000e-01
   2.1677000e-01
   2.1677000e-01
   2.1362800e-01
   2.1048700e-01
   2.0734500e-01
   2.0420300e-01
   2.0106200e-01
   1.9477900e-01
   1.9163700e-01
   1.8535400e-01
   1.7907100e-01
   1.7278800e-01
   1.6964600e-01
   1.6022100e-01
   1.5393800e-01
   1.4765500e-01
   1.3823000e-01
   1.3194700e-01
   1.2252200e-01
   1.1309700e-01
   1.0367300e-01
   9.4247800e-02
   8.4823000e-02
   7.5398200e-02
   6.2831800e-02
   5.3407100e-02
   4.0840700e-02
   2.8274300e-02
   1.8849600e-02
   6.2831800e-03
  -6.2831800e-03
  -1.8849600e-02
  -3.1415900e-02
  -4.3982300e-02
  -5.6548700e-02
  -6.9115000e-02
  -7.8539800e-02
  -9.1106200e-02
  -1.0367300e-01
  -1.1309700e-01
  -1.2566400e-01
  -1.3508800e-01
  -1.4451300e-01
  -1.5393800e-01
  -1.6336300e-01
  -1.7278800e-01
  -1.7907100e-01
  -1.8849600e-01
  -1.9477900e-01
  -2.0106200e-01
  -2.0420300e-01
  -2.1048700e-01
  -2.1362800e-01
  -2.1677000e-01
  -2.1991100e-01
  -2.2305300e-01
  -2.2305300e-01
  -2.2305300e-01
  -2.2305300e-01
  -2.2305300e-01
  -2.2305300e-01
  -2.1991100e-01
  -2.1677000e-01
  -2.1362800e-01
  -2.1362800e-01
  -2.0734500e-01
  -2.0420300e-01
  -2.0106200e-01
  -1.9477900e-01
  -1.9163700e-01
  -1.8535400e-01
  -1.7907100e-01
  -1.7278800e-01
  -1.6650400e-01
  -1.6022100e-01
  -1.5393800e-01
  -1.4451300e-01
  -1.3823000e-01
  -1.2880500e-01
  -1.2252200e-01
  -1.1309700e-01
  -1.0367300e-01
  -9.4247800e-02
  -8.4823000e-02
  -7.5398200e-02
  -6.5973400e-02
  -5.3407100e-02
  -4.3982300e-02
  -3.1415900e-02
  -2.1991100e-02
  -9.4247800e-03
   3.1415900e-03
   1.2566400e-02
   2.5132700e-02
   3.7699100e-02
   4.7123900e-02
   5.9690200e-02
   7.2256600e-02
   8.1681400e-02
   9.4247800e-02
   1.0681400e-01
   1.1623900e-01
   1.2566400e-01
   1.3823000e-01
   1.4765500e-01
   1.5708000e-01
   1.6650400e-01
   1.7278800e-01
   1.8221200e-01
   1.8849600e-01
   1.9477900e-01
   2.0106200e-01
   2.0734500e-01
   2.1048700e-01
   2.1362800e-01
   2.1677000e-01
   2.1991100e-01
   2.2305300e-01
   2.2305300e-01
   2.2305300e-01
   2.2305300e-01
   2.2305300e-01
   2.1991100e-01
   2.1991100e-01
   2.1677000e-01
   2.1362800e-01
   2.1048700e-01
   2.0734500e-01
   2.0420300e-01
   1.9792000e-01
   1.9477900e-01
   1.8849600e-01
   1.8221200e-01
   1.7592900e-01
   1.6964600e-01
   1.6336300e-01
   1.5708000e-01
   1.5079600e-01
   1.4137200e-01
   1.3508800e-01
   1.2566400e-01
   1.1938000e-01
   1.0995600e-01
   1.0053100e-01
   9.1106200e-02
   8.1681400e-02
   7.2256600e-02
   5.9690200e-02
   5.0265500e-02
   4.0840700e-02
   2.8274300e-02
   1.5708000e-02
   6.2831800e-03
  -6.2831800e-03
  -1.8849600e-02
  -2.8274300e-02
  -4.0840700e-02
  -5.3407100e-02
  -6.5973400e-02
  -7.5398200e-02
  -8.7964600e-02
  -9.7389400e-02
  -1.0995600e-01
  -1.1938000e-01
  -1.2880500e-01
  -1.4137200e-01
  -1.5079600e-01
  -1.5708000e-01
  -1.6650400e-01
  -1.7278800e-01
  -1.7907100e-01
  -1.8535400e-01
  -1.9163700e-01
  -1.9792000e-01
  -2.0106200e-01
  -2.0420300e-01
  -2.0734500e-01
  -2.1048700e-01
  -2.1362800e-01
  -2.1362800e-01
  -2.1362800e-01
  -2.1677000e-01
  -2.1362800e-01
  -2.1362800e-01
  -2.1362800e-01
  -2.1362800e-01
  -2.1048700e-01
  -2.0734500e-01
  -2.0420300e-01
  -2.0106200e-01
  -1.9792000e-01
  -1.9477900e-01
  -1.8849600e-01
  -1.8535400e-01
  -1.7907100e-01
  -1.7592900e-01
  -1.6964600e-01
  -1.6336300e-01
  -1.5708000e-01
  -1.4765500e-01
  -1.4137200e-01
  -1.3194700e-01
  -1.2566400e-01
  -1.1623900e-01
  -1.0681400e-01
  -9.7389400e-02
  -8.7964600e-02
  -7.5398200e-02
  -6.5973400e-02
  -5.3407100e-02
  -4.3982300e-02
  -3.1415900e-02
  -1.8849600e-02
  -9.4247800e-03
   3.1415900e-03
   1.5708000e-02
   2.8274300e-02
   4.0840700e-02
   5.3407100e-02
   6.2831800e-02
   7.5398200e-02
   8.4823000e-02
   9.7389400e-02
   1.0681400e-01
   1.1623900e-01
   1.2566400e-01
   1.3508800e-01
   1.4451300e-01
   1.5079600e-01
   1.6022100e-01
   1.6650400e-01
   1.7278800e-01
   1.7907100e-01
   1.8535400e-01
   1.8849600e-01
   1.9477900e-01
   1.9792000e-01
   2.0106200e-01
   2.0420300e-01
   2.0734500e-01
   2.0734500e-01
   2.1048700e-01
   2.1048700e-01
   2.1362800e-01
   2.1362800e-01
   2.1362800e-01
   2.1362800e-01
   2.1048700e-01
   2.1048700e-01
   2.0734500e-01
   2.0734500e-01
   2.0420300e-01
   2.0106200e-01
   1.9792000e-01
   1.9477900e-01
   1.8849600e-01
   1.8221200e-01
   1.7592900e-01
   1.6964600e-01
   1.6336300e-01
   1.5708000e-01
   1.4765500e-01
   1.3823000e-01
   1.3194700e-01
   1.1938000e-01
   1.0995600e-01
   1.0053100e-01
   9.1106200e-02
   7.8539800e-02
   6.5973400e-02
   5.6548700e-02
   4.3982300e-02
   3.1415900e-02
   2.1991100e-02
   9.4247800e-03
  -3.1415900e-03
  -1.2566400e-02
  -2.5132700e-02
  -3.4557500e-02
  -4.7123900e-02
  -5.6548700e-02
  -6.9115000e-02
  -7.8539800e-02
  -8.7964600e-02
  -9.7389400e-02
  -1.0681400e-01
  -1.1623900e-01
  -1.2252200e-01
  -1.3194700e-01
  -1.3823000e-01
  -1.4765500e-01
  -1.5393800e-01
  -1.6022100e-01
  -1.6650400e-01
  -1.7278800e-01
  -1.7907100e-01
  -1.8535400e-01
  -1.8849600e-01
  -1.9477900e-01
  -1.9792000e-01
  -2.0106200e-01
  -2.0420300e-01
  -2.0734500e-01
  -2.1048700e-01
  -2.1362800e-01
  -2.1362800e-01
  -2.1677000e-01
  -2.1677000e-01
  -2.1677000e-01
  -2.1362800e-01
  -2.1362800e-01
  -2.1048700e-01
  -2.0734500e-01
  -2.0420300e-01
  -1.9792000e-01
  -1.9477900e-01
  -1.8849600e-01
  -1.8221200e-01
  -1.7592900e-01
  -1.6650400e-01
  -1.5708000e-01
  -1.5079600e-01
  -1.4137200e-01
  -1.3194700e-01
  -1.2252200e-01
  -1.1309700e-01
  -1.0367300e-01
  -9.4247800e-02
  -8.1681400e-02
  -7.2256600e-02
  -6.2831800e-02
  -5.3407100e-02
  -4.0840700e-02
  -3.1415900e-02
  -2.1991100e-02
  -1.2566400e-02
   0.0000000e+00
   9.4247800e-03
   1.8849600e-02
   2.8274300e-02
   3.7699100e-02
   5.0265500e-02
   5.9690200e-02
   6.9115000e-02
   7.8539800e-02
   8.7964600e-02
   9.7389400e-02
   1.0995600e-01
   1.1938000e-01
   1.2566400e-01
   1.3508800e-01
   1.4451300e-01
   1.5393800e-01
   1.6336300e-01
   1.6964600e-01
   1.7592900e-01
   1.8221200e-01
   1.8849600e-01
   1.9477900e-01
   2.0106200e-01
   2.0420300e-01
   2.0734500e-01
   2.1048700e-01
   2.1362800e-01
   2.1677000e-01
   2.1677000e-01
   2.1677000e-01
   2.1677000e-01
   2.1677000e-01
   2.1362800e-01
   2.1048700e-01
   2.0734500e-01
   2.0420300e-01
   2.0106200e-01
   1.9792000e-01
   1.9163700e-01
   1.8849600e-01
   1.8221200e-01
   1.7592900e-01
   1.7278800e-01
   1.6336300e-01
   1.5708000e-01
   1.5079600e-01
   1.4451300e-01
   1.3823000e-01
   1.2880500e-01
   1.2252200e-01
   1.1309700e-01
   1.0367300e-01
   9.4247800e-02
   8.4823000e-02
   7.5398200e-02
   6.5973400e-02
   5.6548700e-02
   4.3982300e-02
   3.4557500e-02
   2.1991100e-02
   1.2566400e-02
   0.0000000e+00
  -9.4247800e-03
  -2.1991100e-02
  -3.4557500e-02
  -4.3982300e-02
  -5.6548700e-02
  -6.9115000e-02
  -7.8539800e-02
  -8.7964600e-02
  -1.0053100e-01
  -1.0995600e-01
  -1.1623900e-01
  -1.2566400e-01
  -1.3508800e-01
  -1.4451300e-01
  -1.5079600e-01
  -1.5708000e-01
  -1.6336300e-01
  -1.6964600e-01
  -1.7592900e-01
  -1.7907100e-01
  -1.8535400e-01
  -1.8849600e-01
  -1.9163700e-01
  -1.9477900e-01
  -1.9792000e-01
  -2.0106200e-01
  -2.0420300e-01
  -2.0420300e-01
  -2.0734500e-01
  -2.0734500e-01
  -2.0734500e-01
  -2.0734500e-01
  -2.0734500e-01
  -2.0734500e-01
  -2.0420300e-01
  -2.0420300e-01
  -2.0106200e-01
  -1.9792000e-01
  -1.9477900e-01
  -1.8849600e-01
  -1.8535400e-01
  -1.7907100e-01
  -1.7278800e-01
  -1.6650400e-01
  -1.5708000e-01
  -1.5079600e-01
  -1.4137200e-01
  -1.3194700e-01
  -1.2252200e-01
  -1.1309700e-01
  -1.0367300e-01
  -9.1106200e-02
  -8.1681400e-02
  -7.2256600e-02
  -6.2831800e-02
  -5.0265500e-02
  -4.0840700e-02
  -2.8274300e-02
  -1.8849600e-02
  -9.4247800e-03
   0.0000000e+00
   1.2566400e-02
   2.1991100e-02
   3.1415900e-02
   4.0840700e-02
   5.0265500e-02
   5.9690200e-02
   7.2256600e-02
   8.1681400e-02
   8.7964600e-02
   9.7389400e-02
   1.0681400e-01
   1.1623900e-01
   1.2566400e-01
   1.3508800e-01
   1.4137200e-01
   1.5079600e-01
   1.5708000e-01
   1.6650400e-01
   1.7278800e-01
   1.7907100e-01
   1.8535400e-01
   1.9163700e-01
   1.9477900e-01
   2.0106200e-01
   2.0420300e-01
   2.0734500e-01
   2.0734500e-01
   2.1048700e-01
   2.1048700e-01
   2.1048700e-01
   2.1048700e-01
   2.1048700e-01
   2.0734500e-01
   2.0420300e-01
   2.0106200e-01
   1.9792000e-01
   1.9477900e-01
   1.9163700e-01
   1.8535400e-01
   1.8221200e-01
   1.7592900e-01
   1.6964600e-01
   1.6650400e-01
   1.6022100e-01
   1.5393800e-01
   1.4765500e-01
   1.3823000e-01
   1.3194700e-01
   1.2566400e-01
   1.1623900e-01
   1.0995600e-01
   1.0053100e-01
   9.1106200e-02
   8.1681400e-02
   7.2256600e-02
   5.9690200e-02
   5.0265500e-02
   4.0840700e-02
   2.8274300e-02
   1.8849600e-02
   6.2831800e-03
  -3.1415900e-03
  -1.5708000e-02
  -2.8274300e-02
  -3.7699100e-02
  -5.0265500e-02
  -5.9690200e-02
  -6.9115000e-02
  -7.8539800e-02
  -8.7964600e-02
  -9.7389400e-02
  -1.0681400e-01
  -1.1623900e-01
  -1.2252200e-01
  -1.3194700e-01
  -1.3823000e-01
  -1.4451300e-01
  -1.5079600e-01
  -1.5708000e-01
  -1.6336300e-01
  -1.6964600e-01
  -1.7278800e-01
  -1.7907100e-01
  -1.8221200e-01
  -1.8849600e-01
  -1.9163700e-01
  -1.9477900e-01
  -1.9792000e-01
  -2.0106200e-01
  -2.0420300e-01
  -2.0420300e-01
  -2.0420300e-01
  -2.0734500e-01
  -2.0734500e-01
  -2.0420300e-01
  -2.0420300e-01
  -2.0106200e-01
  -1.9792000e-01
  -1.9477900e-01
  -1.9163700e-01
  -1.8849600e-01
  -1.8221200e-01
  -1.7592900e-01
  -1.6964600e-01
  -1.6336300e-01
  -1.5393800e-01
  -1.4765500e-01
  -1.3823000e-01
  -1.3194700e-01
  -1.2252200e-01
  -1.1309700e-01
  -1.0681400e-01
  -9.7389400e-02
  -8.7964600e-02
  -7.8539800e-02
  -6.9115000e-02
  -5.9690200e-02
  -5.0265500e-02
  -4.0840700e-02
  -3.1415900e-02
  -2.1991100e-02
  -1.2566400e-02
  -3.1415900e-03
   6.2831800e-03
   1.8849600e-02
   2.8274300e-02
   3.7699100e-02
   5.0265500e-02
   5.9690200e-02
   7.2256600e-02
   8.1681400e-02
   9.1106200e-02
   1.0053100e-01
   1.0995600e-01
   1.1938000e-01
   1.2880500e-01
   1.3823000e-01
   1.4451300e-01
   1.5079600e-01
   1.6022100e-01
   1.6650400e-01
   1.6964600e-01
   1.7592900e-01
   1.7907100e-01
   1.8535400e-01
   1.8849600e-01
   1.9163700e-01
   1.9477900e-01
   1.9477900e-01
   1.9792000e-01
   1.9792000e-01
   2.0106200e-01
   2.0106200e-01
   2.0106200e-01
   2.0106200e-01
   2.0106200e-01
   1.9792000e-01
   1.9792000e-01
   1.9477900e-01
   1.9477900e-01
   1.9163700e-01
   1.8535400e-01
   1.8221200e-01
   1.7907100e-01
   1.7278800e-01
   1.6650400e-01
   1.6022100e-01
   1.5393800e-01
   1.4765500e-01
   1.3823000e-01
   1.2880500e-01
   1.2252200e-01
   1.1309700e-01
   1.0367300e-01
   9.4247800e-02
   8.4823000e-02
   7.2256600e-02
   6.2831800e-02
   5.3407100e-02
   4.3982300e-02
   3.4557500e-02
   2.5132700e-02
   1.5708000e-02
   6.2831800e-03
  -3.1415900e-03
  -1.2566400e-02
  -2.1991100e-02
  -3.1415900e-02
  -4.3982300e-02
  -5.3407100e-02
  -6.2831800e-02
  -7.2256600e-02
  -8.1681400e-02
  -9.1106200e-02
  -1.0053100e-01
  -1.0995600e-01
  -1.1938000e-01
  -1.2880500e-01
  -1.3508800e-01
  -1.4451300e-01
  -1.5079600e-01
  -1.6022100e-01
  -1.6650400e-01
  -1.6964600e-01
  -1.7592900e-01
  -1.8221200e-01
  -1.8535400e-01
  -1.8849600e-01
  -1.9163700e-01
  -1.9477900e-01
  -1.9477900e-01
  -1.9792000e-01
  -1.9792000e-01
  -1.9792000e-01
  -1.9792000e-01
  -1.9792000e-01
  -1.9792000e-01
  -1.9477900e-01
  -1.9477900e-01
  -1.9163700e-01
  -1.9163700e-01
  -1.8849600e-01
  -1.8535400e-01
  -1.8221200e-01
  -1.7907100e-01
  -1.7278800e-01
  -1.6650400e-01
  -1.6022100e-01
  -1.5708000e-01
  -1.4765500e-01
  -1.4137200e-01
  -1.3508800e-01
  -1.2566400e-01
  -1.1623900e-01
  -1.0681400e-01
  -9.7389400e-02
  -8.7964600e-02
  -7.8539800e-02
  -6.9115000e-02
  -5.6548700e-02
  -4.7123900e-02
  -3.7699100e-02
  -2.8274300e-02
  -1.8849600e-02
  -6.2831800e-03
   3.1415900e-03
   1.2566400e-02
   2.1991100e-02
   3.1415900e-02
   4.0840700e-02
   5.0265500e-02
   5.9690200e-02
   6.9115000e-02
   7.8539800e-02
   8.7964600e-02
   9.7389400e-02
   1.0367300e-01
   1.1309700e-01
   1.2252200e-01
   1.2880500e-01
   1.3823000e-01
   1.4451300e-01
   1.5079600e-01
   1.6022100e-01
   1.6650400e-01
   1.7278800e-01
   1.7907100e-01
   1.8221200e-01
   1.8535400e-01
   1.9163700e-01
   1.9477900e-01
   1.9477900e-01
   1.9792000e-01
   1.9792000e-01
   1.9792000e-01
   1.9792000e-01
   1.9792000e-01
   1.9792000e-01
   1.9477900e-01
   1.9477900e-01
   1.9163700e-01
   1.8849600e-01
   1.8535400e-01
   1.8221200e-01
   1.7907100e-01
   1.7592900e-01
   1.7278800e-01
   1.6650400e-01
   1.6336300e-01
   1.5708000e-01
   1.5079600e-01
   1.4451300e-01
   1.3508800e-01
   1.2880500e-01
   1.1938000e-01
   1.1309700e-01
   1.0367300e-01
   9.4247800e-02
   8.4823000e-02
   7.5398200e-02
   6.2831800e-02
   5.3407100e-02
   4.3982300e-02
   3.4557500e-02
   2.1991100e-02
   1.2566400e-02
   3.1415900e-03
  -6.2831800e-03
  -1.5708000e-02
  -2.5132700e-02
  -3.4557500e-02
  -4.3982300e-02
  -5.3407100e-02
  -6.2831800e-02
  -6.9115000e-02
  -7.8539800e-02
  -8.7964600e-02
  -9.7389400e-02
  -1.0367300e-01
  -1.1309700e-01
  -1.2252200e-01
  -1.2880500e-01
  -1.3823000e-01
  -1.4451300e-01
  -1.5079600e-01
  -1.5708000e-01
  -1.6336300e-01
  -1.6964600e-01
  -1.7592900e-01
  -1.7907100e-01
  -1.8221200e-01
  -1.8535400e-01
  -1.8849600e-01
  -1.9163700e-01
  -1.9163700e-01
  -1.9163700e-01
  -1.9163700e-01
  -1.9163700e-01
  -1.9163700e-01
  -1.9163700e-01
  -1.9163700e-01
  -1.8849600e-01
  -1.8535400e-01
  -1.8535400e-01
  -1.8221200e-01
  -1.7907100e-01
  -1.7592900e-01
  -1.6964600e-01
  -1.6650400e-01
  -1.6336300e-01
  -1.5708000e-01
  -1.5079600e-01
  -1.4451300e-01
  -1.3823000e-01
  -1.2880500e-01
  -1.2252200e-01
  -1.1309700e-01
  -1.0367300e-01
  -9.4247800e-02
  -8.4823000e-02
  -7.5398200e-02
  -6.5973400e-02
  -5.6548700e-02
  -4.7123900e-02
  -3.7699100e-02
  -2.8274300e-02
  -1.8849600e-02
  -6.2831800e-03
   0.0000000e+00
   1.2566400e-02
   2.1991100e-02
   3.1415900e-02
   3.7699100e-02
   4.7123900e-02
   5.6548700e-02
   6.5973400e-02
   7.5398200e-02
   8.4823000e-02
   9.4247800e-02
   1.0367300e-01
   1.1309700e-01
   1.1938000e-01
   1.2880500e-01
   1.3508800e-01
   1.4451300e-01
   1.5079600e-01
   1.5708000e-01
   1.6336300e-01
   1.6964600e-01
   1.7278800e-01
   1.7907100e-01
   1.8221200e-01
   1.8535400e-01
   1.8849600e-01
   1.8849600e-01
   1.9163700e-01
   1.9163700e-01
   1.9163700e-01
   1.9163700e-01
   1.9163700e-01
   1.9163700e-01
   1.9163700e-01
   1.8849600e-01
   1.8849600e-01
   1.8535400e-01
   1.8221200e-01
   1.7907100e-01
   1.7592900e-01
   1.7278800e-01
   1.6964600e-01
   1.6336300e-01
   1.5708000e-01
   1.5079600e-01
   1.4451300e-01
   1.3823000e-01
   1.3194700e-01
   1.2252200e-01
   1.1309700e-01
   1.0367300e-01
   9.7389400e-02
   8.7964600e-02
   7.8539800e-02
   6.9115000e-02
   5.9690200e-02
   5.0265500e-02
   4.0840700e-02
   3.1415900e-02
   2.1991100e-02
   1.2566400e-02
   3.1415900e-03
  -6.2831800e-03
  -1.5708000e-02
  -2.5132700e-02
  -3.4557500e-02
  -4.3982300e-02
  -5.3407100e-02
  -6.2831800e-02
  -7.2256600e-02
  -8.1681400e-02
  -9.1106200e-02
  -1.0053100e-01
  -1.0995600e-01
  -1.1623900e-01
  -1.2566400e-01
  -1.3194700e-01
  -1.4137200e-01
  -1.4765500e-01
  -1.5393800e-01
  -1.5708000e-01
  -1.6336300e-01
  -1.6650400e-01
  -1.7278800e-01
  -1.7592900e-01
  -1.7907100e-01
  -1.8221200e-01
  -1.8221200e-01
  -1.8535400e-01
  -1.8535400e-01
  -1.8849600e-01
  -1.8849600e-01
  -1.8849600e-01
  -1.8849600e-01
  -1.8849600e-01
  -1.8849600e-01
  -1.8849600e-01
  -1.8535400e-01
  -1.8221200e-01
  -1.7907100e-01
  -1.7592900e-01
  -1.7278800e-01
  -1.6650400e-01
  -1.6336300e-01
  -1.5708000e-01
  -1.4765500e-01
  -1.4137200e-01
  -1.3508800e-01
  -1.2880500e-01
  -1.1938000e-01
  -1.1309700e-01
  -1.0367300e-01
  -9.4247800e-02
  -8.7964600e-02
  -7.8539800e-02
  -7.2256600e-02
  -6.2831800e-02
  -5.3407100e-02
  -4.3982300e-02
  -3.4557500e-02
  -2.5132700e-02
  -1.5708000e-02
  -6.2831800e-03
   3.1415900e-03
   1.2566400e-02
   2.1991100e-02
   3.1415900e-02
   4.3982300e-02
   5.3407100e-02
   6.2831800e-02
   7.2256600e-02
   8.1681400e-02
   9.1106200e-02
   9.7389400e-02
   1.0681400e-01
   1.1309700e-01
   1.2252200e-01
   1.2880500e-01
   1.3508800e-01
   1.4137200e-01
   1.4765500e-01
   1.5079600e-01
   1.5708000e-01
   1.6336300e-01
   1.6650400e-01
   1.6964600e-01
   1.7592900e-01
   1.7907100e-01
   1.8221200e-01
   1.8535400e-01
   1.8849600e-01
   1.8849600e-01
   1.8849600e-01
   1.8849600e-01
   1.9163700e-01
   1.8849600e-01
   1.8849600e-01
   1.8849600e-01
   1.8535400e-01
   1.8221200e-01
   1.7907100e-01
   1.7592900e-01
   1.6964600e-01
   1.6650400e-01
   1.6022100e-01
   1.5393800e-01
   1.5079600e-01
   1.4451300e-01
   1.3823000e-01
   1.3194700e-01
   1.2566400e-01
   1.1938000e-01
   1.0995600e-01
   1.0367300e-01
   9.4247800e-02
   8.7964600e-02
   7.8539800e-02
   6.9115000e-02
   5.9690200e-02
   5.0265500e-02
   4.0840700e-02
   3.1415900e-02
   2.1991100e-02
   9.4247800e-03
   0.0000000e+00
  -9.4247800e-03
  -1.8849600e-02
  -2.8274300e-02
  -3.7699100e-02
  -4.7123900e-02
  -5.6548700e-02
  -6.2831800e-02
  -7.2256600e-02
  -8.1681400e-02
  -8.7964600e-02
  -9.7389400e-02
  -1.0367300e-01
  -1.1309700e-01
  -1.1938000e-01
  -1.2880500e-01
  -1.3508800e-01
  -1.4137200e-01
  -1.4765500e-01
  -1.5393800e-01
  -1.6022100e-01
  -1.6650400e-01
  -1.6964600e-01
  -1.7278800e-01
  -1.7592900e-01
  -1.7907100e-01
  -1.8221200e-01
  -1.8221200e-01
  -1.8535400e-01
  -1.8535400e-01
  -1.8535400e-01
  -1.8535400e-01
  -1.8535400e-01
  -1.8221200e-01
  -1.8221200e-01
  -1.8221200e-01
  -1.7907100e-01
  -1.7592900e-01
  -1.7278800e-01
  -1.6964600e-01
  -1.6650400e-01
  -1.6336300e-01
  -1.5708000e-01
  -1.5393800e-01
  -1.4765500e-01
  -1.4137200e-01
  -1.3508800e-01
  -1.2566400e-01
  -1.1938000e-01
  -1.0995600e-01
  -1.0367300e-01
  -9.4247800e-02
  -8.4823000e-02
  -7.5398200e-02
  -6.9115000e-02
  -5.9690200e-02
  -5.0265500e-02
  -4.0840700e-02
  -3.1415900e-02
  -2.5132700e-02
  -1.5708000e-02
  -6.2831800e-03
   3.1415900e-03
   1.2566400e-02
   2.1991100e-02
   3.1415900e-02
   4.0840700e-02
   5.0265500e-02
   5.9690200e-02
   6.9115000e-02
   7.8539800e-02
   8.7964600e-02
   9.7389400e-02
   1.0367300e-01
   1.1309700e-01
   1.1938000e-01
   1.2880500e-01
   1.3508800e-01
   1.4137200e-01
   1.4765500e-01
   1.5079600e-01
   1.5708000e-01
   1.6022100e-01
   1.6650400e-01
   1.6964600e-01
   1.7278800e-01
   1.7592900e-01
   1.7907100e-01
   1.8221200e-01
   1.8221200e-01
   1.8535400e-01
   1.8535400e-01
   1.8849600e-01
   1.8849600e-01
   1.8849600e-01
   1.8535400e-01
   1.8535400e-01
   1.8221200e-01
   1.7907100e-01
   1.7592900e-01
   1.7278800e-01
   1.6650400e-01
   1.6336300e-01
   1.5708000e-01
   1.5079600e-01
   1.4765500e-01
   1.4137200e-01
