   7.6606500e+02
   7.6606500e+02
   7.6606500e+02
   7.6606500e+02
   7.6606500e+02
   7.6606500e+02
   7.6606500e+02
   7.6606500e+02
   7.6606500e+02
   7.6606500e+02
   7.6606500e+02
   7.6606500e+02
   7.6606500e+02
   7.6606800e+02
   7.6607400e+02
   7.6608300e+02
   7.6609000e+02
   7.6609600e+02
   7.6610200e+02
   7.6610900e+02
   7.6612100e+02
   7.6614000e+02
   7.6616800e+02
   7.6620000e+02
   7.6623700e+02
   7.6628500e+02
   7.6632900e+02
   7.6638500e+02
   7.6644800e+02
   7.6651400e+02
   7.6658600e+02
   7.6666500e+02
   7.6675300e+02
   7.6684400e+02
   7.6694400e+02
   7.6704800e+02
   7.6716100e+02
   7.6728000e+02
   7.6740600e+02
   7.6753500e+02
   7.6767300e+02
   7.6781800e+02
   7.6797200e+02
   7.6813200e+02
   7.6829800e+02
   7.6847100e+02
   7.6865000e+02
   7.6883900e+02
   7.6903700e+02
   7.6924100e+02
   7.6945100e+02
   7.6967100e+02
   7.6989400e+02
   7.7013000e+02
   7.7036900e+02
   7.7061700e+02
   7.7087100e+02
   7.7113500e+02
   7.7140500e+02
   7.7168200e+02
   7.7197100e+02
   7.7226300e+02
   7.7256500e+02
   7.7287600e+02
   7.7319300e+02
   7.7352000e+02
   7.7385900e+02
   7.7420500e+02
   7.7456000e+02
   7.7492700e+02
   7.7530100e+02
   7.7568400e+02
   7.7607700e+02
   7.7647600e+02
   7.7688700e+02
   7.7730800e+02
   7.7773600e+02
   7.7817200e+02
   7.7862200e+02
   7.7908000e+02
   7.7954800e+02
   7.8002900e+02
   7.8051900e+02
   7.8101900e+02
   7.8153100e+02
   7.8205500e+02
   7.8258900e+02
   7.8313600e+02
   7.8369500e+02
   7.8426700e+02
   7.8485100e+02
   7.8544800e+02
   7.8605800e+02
   7.8668300e+02
   7.8732400e+02
   7.8797700e+02
   7.8864300e+02
   7.8932800e+02
   7.9002600e+02
   7.9073600e+02
   7.9146100e+02
   7.9220000e+02
   7.9295000e+02
   7.9371700e+02
   7.9449600e+02
   7.9529400e+02
   7.9610800e+02
   7.9693400e+02
   7.9777600e+02
   7.9862700e+02
   7.9949700e+02
   8.0038000e+02
   8.0128200e+02
   8.0219600e+02
   8.0312600e+02
   8.0406800e+02
   8.0502300e+02
   8.0599400e+02
   8.0698100e+02
   8.0798300e+02
   8.0899800e+02
   8.1002800e+02
   8.1107100e+02
   8.1213000e+02
   8.1320100e+02
   8.1428800e+02
   8.1538500e+02
   8.1650000e+02
   8.1762100e+02
   8.1875900e+02
   8.1990800e+02
   8.2106800e+02
   8.2224300e+02
   8.2343000e+02
   8.2462700e+02
   8.2583700e+02
   8.2705900e+02
   8.2829300e+02
   8.2953700e+02
   8.3079700e+02
   8.3206300e+02
   8.3334500e+02
   8.3463600e+02
   8.3593400e+02
   8.3724700e+02
   8.3856900e+02
   8.3990500e+02
   8.4124300e+02
   8.4259400e+02
   8.4395400e+02
   8.4532400e+02
   8.4669400e+02
   8.4806000e+02
   8.4942100e+02
   8.5078400e+02
   8.5214400e+02
   8.5349800e+02
   8.5484600e+02
   8.5619400e+02
   8.5753800e+02
   8.5888300e+02
   8.6021800e+02
   8.6155000e+02
   8.6288200e+02
   8.6420800e+02
   8.6553400e+02
   8.6685300e+02
   8.6816600e+02
   8.6947600e+02
   8.7078300e+02
   8.7208700e+02
   8.7338500e+02
   8.7467600e+02
   8.7596400e+02
   8.7724900e+02
   8.7852700e+02
   8.7980000e+02
   8.8106300e+02
   8.8232200e+02
   8.8357900e+02
   8.8482600e+02
   8.8606700e+02
   8.8729900e+02
   8.8852400e+02
   8.8974300e+02
   8.9095600e+02
   8.9215900e+02
   8.9334900e+02
   8.9453400e+02
   8.9571200e+02
   8.9687700e+02
   8.9803400e+02
   8.9918300e+02
   9.0031700e+02
   9.0144200e+02
   9.0255700e+02
   9.0366300e+02
   9.0475700e+02
   9.0583400e+02
   9.0690200e+02
   9.0795800e+02
   9.0900100e+02
   9.1003100e+02
   9.1104600e+02
   9.1204200e+02
   9.1301600e+02
   9.1397100e+02
   9.1490400e+02
   9.1581500e+02
   9.1670100e+02
   9.1756500e+02
   9.1840000e+02
   9.1921400e+02
   9.2000000e+02
   9.2076300e+02
   9.2150100e+02
   9.2221400e+02
   9.2289900e+02
   9.2355900e+02
   9.2418700e+02
   9.2479000e+02
   9.2536500e+02
   9.2591200e+02
   9.2643000e+02
   9.2692400e+02
   9.2739200e+02
   9.2782800e+02
   9.2824300e+02
   9.2862600e+02
   9.2898400e+02
   9.2931400e+02
   9.2961300e+02
   9.2988300e+02
   9.3012200e+02
   9.3033200e+02
   9.3050800e+02
   9.3065300e+02
   9.3076900e+02
   9.3085700e+02
   9.3091300e+02
   9.3093900e+02
   9.3093200e+02
   9.3089500e+02
   9.3082900e+02
   9.3073400e+02
   9.3060600e+02
   9.3044800e+02
   9.3025400e+02
   9.3002400e+02
   9.2975700e+02
   9.2945300e+02
   9.2910700e+02
   9.2872400e+02
   9.2830600e+02
   9.2785000e+02
   9.2735700e+02
   9.2683900e+02
   9.2628900e+02
   9.2573000e+02
   9.2517400e+02
   9.2460800e+02
   9.2404000e+02
   9.2346500e+02
   9.2288700e+02
   9.2230500e+02
   9.2172100e+02
   9.2113700e+02
   9.2055200e+02
   9.1996500e+02
   9.1938100e+02
   9.1879600e+02
   9.1821200e+02
   9.1762800e+02
   9.1704600e+02
   9.1646200e+02
   9.1587800e+02
   9.1530000e+02
   9.1472200e+02
   9.1415000e+02
   9.1358100e+02
   9.1301900e+02
   9.1246000e+02
   9.1190700e+02
   9.1136300e+02
   9.1082300e+02
   9.1029200e+02
   9.0977700e+02
   9.0928400e+02
   9.0881900e+02
   9.0837900e+02
   9.0796100e+02
   9.0757500e+02
   9.0721000e+02
   9.0687700e+02
   9.0656600e+02
   9.0628000e+02
   9.0602300e+02
   9.0579000e+02
   9.0558600e+02
   9.0540700e+02
   9.0525600e+02
   9.0512700e+02
   9.0503000e+02
   9.0495400e+02
   9.0490700e+02
   9.0489200e+02
   9.0490100e+02
   9.0493900e+02
   9.0500200e+02
   9.0509600e+02
   9.0521500e+02
   9.0536600e+02
   9.0554500e+02
   9.0575600e+02
   9.0600100e+02
   9.0627700e+02
   9.0659100e+02
   9.0694300e+02
   9.0732900e+02
   9.0775400e+02
   9.0821200e+02
   9.0870600e+02
   9.0923300e+02
   9.0979600e+02
   9.1038300e+02
   9.1098300e+02
   9.1157700e+02
   9.1217700e+02
   9.1278300e+02
   9.1339300e+02
   9.1400200e+02
   9.1461800e+02
   9.1523100e+02
   9.1584600e+02
   9.1646200e+02
   9.1707200e+02
   9.1768400e+02
   9.1829700e+02
   9.1890600e+02
   9.1951600e+02
   9.2012200e+02
   9.2072800e+02
   9.2133200e+02
   9.2192800e+02
   9.2252200e+02
   9.2311000e+02
   9.2368800e+02
   9.2426300e+02
   9.2482800e+02
   9.2538400e+02
   9.2591800e+02
   9.2642700e+02
   9.2691400e+02
   9.2737600e+02
   9.2781000e+02
   9.2822100e+02
   9.2860700e+02
   9.2896600e+02
   9.2929500e+02
   9.2959700e+02
   9.2987000e+02
   9.3011500e+02
   9.3033200e+02
   9.3052100e+02
   9.3068100e+02
   9.3081600e+02
   9.3092000e+02
   9.3099800e+02
   9.3104500e+02
   9.3106100e+02
   9.3104800e+02
   9.3100800e+02
   9.3093200e+02
   9.3083200e+02
   9.3070000e+02
   9.3054000e+02
   9.3034500e+02
   9.3011900e+02
   9.2985500e+02
   9.2955300e+02
   9.2921700e+02
   9.2884000e+02
   9.2843200e+02
   9.2798500e+02
   9.2750500e+02
   9.2700500e+02
   9.2649900e+02
   9.2599400e+02
   9.2548500e+02
   9.2496900e+02
   9.2445400e+02
   9.2393900e+02
   9.2342100e+02
   9.2290200e+02
   9.2238400e+02
   9.2186600e+02
   9.2134700e+02
   9.2083500e+02
   9.2032600e+02
   9.1982000e+02
   9.1932100e+02
   9.1882800e+02
   9.1834400e+02
   9.1787000e+02
   9.1742300e+02
   9.1699900e+02
   9.1660300e+02
   9.1623600e+02
   9.1589700e+02
   9.1558600e+02
   9.1530000e+02
   9.1504500e+02
   9.1481900e+02
   9.1462100e+02
   9.1445100e+02
   9.1431300e+02
   9.1420000e+02
   9.1411500e+02
   9.1405900e+02
   9.1403000e+02
   9.1403000e+02
   9.1406200e+02
   9.1412200e+02
   9.1420600e+02
   9.1432000e+02
   9.1446400e+02
   9.1464000e+02
   9.1485000e+02
   9.1509500e+02
   9.1537500e+02
   9.1569200e+02
   9.1605100e+02
   9.1645000e+02
   9.1688000e+02
   9.1734800e+02
   9.1783500e+02
   9.1832200e+02
   9.1880900e+02
   9.1929900e+02
   9.1979200e+02
   9.2028500e+02
   9.2077900e+02
   9.2127200e+02
   9.2176500e+02
   9.2226100e+02
   9.2275200e+02
   9.2324200e+02
   9.2372200e+02
   9.2420000e+02
   9.2467100e+02
   9.2513000e+02
   9.2556600e+02
   9.2597500e+02
   9.2636400e+02
   9.2672300e+02
   9.2705900e+02
   9.2736700e+02
   9.2764900e+02
   9.2790700e+02
   9.2813300e+02
   9.2833100e+02
   9.2850400e+02
   9.2864200e+02
   9.2875500e+02
   9.2883700e+02
   9.2888700e+02
   9.2890900e+02
   9.2890300e+02
   9.2886500e+02
   9.2879900e+02
   9.2870500e+02
   9.2857900e+02
   9.2841900e+02
   9.2823000e+02
   9.2800400e+02
   9.2774400e+02
   9.2744500e+02
   9.2711500e+02
   9.2674500e+02
   9.2634200e+02
   9.2591500e+02
   9.2548800e+02
   9.2506400e+02
   9.2463300e+02
   9.2420300e+02
   9.2376900e+02
   9.2333900e+02
   9.2290500e+02
   9.2247200e+02
   9.2204200e+02
   9.2161400e+02
   9.2119000e+02
   9.2077600e+02
   9.2037300e+02
   9.2000000e+02
   9.1965400e+02
   9.1933700e+02
   9.1904800e+02
   9.1878100e+02
   9.1854200e+02
   9.1832800e+02
   9.1814000e+02
   9.1797600e+02
   9.1783800e+02
   9.1773100e+02
   9.1765300e+02
   9.1760600e+02
   9.1758400e+02
   9.1759300e+02
   9.1763400e+02
   9.1770000e+02
   9.1779400e+02
   9.1792000e+02
   9.1807400e+02
   9.1826200e+02
   9.1848200e+02
   9.1873700e+02
   9.1902600e+02
   9.1934900e+02
   9.1970700e+02
   9.2010300e+02
   9.2052400e+02
   9.2095500e+02
   9.2137600e+02
   9.2180300e+02
   9.2223300e+02
   9.2266000e+02
   9.2309100e+02
   9.2351800e+02
   9.2394500e+02
   9.2436600e+02
   9.2478700e+02
   9.2519600e+02
   9.2557900e+02
   9.2594000e+02
   9.2627300e+02
   9.2657800e+02
   9.2685800e+02
   9.2710900e+02
   9.2733200e+02
   9.2752700e+02
   9.2770000e+02
   9.2784400e+02
   9.2796300e+02
   9.2805100e+02
   9.2811400e+02
   9.2814600e+02
   9.2814600e+02
   9.2811400e+02
   9.2805500e+02
   9.2796700e+02
   9.2784700e+02
   9.2769600e+02
   9.2751700e+02
   9.2730400e+02
   9.2705900e+02
   9.2677600e+02
   9.2645900e+02
   9.2610400e+02
   9.2571400e+02
   9.2532100e+02
   9.2493800e+02
   9.2455200e+02
   9.2416500e+02
   9.2377600e+02
   9.2338600e+02
   9.2300000e+02
   9.2261600e+02
   9.2224300e+02
   9.2188800e+02
   9.2155800e+02
   9.2125600e+02
   9.2098300e+02
   9.2073800e+02
   9.2052100e+02
   9.2032900e+02
   9.2016900e+02
   9.2003400e+02
   9.1993000e+02
   9.1985200e+02
   9.1980500e+02
   9.1978300e+02
   9.1978900e+02
   9.1982700e+02
   9.1989000e+02
   9.1998100e+02
   9.2010000e+02
   9.2024800e+02
   9.2042700e+02
   9.2064000e+02
   9.2088500e+02
   9.2116500e+02
   9.2147900e+02
   9.2183100e+02
   9.2221100e+02
   9.2258800e+02
   9.2295600e+02
   9.2332300e+02
   9.2369700e+02
   9.2407100e+02
   9.2443900e+02
   9.2480600e+02
   9.2517100e+02
   9.2552200e+02
   9.2585500e+02
   9.2616300e+02
   9.2644300e+02
   9.2669400e+02
   9.2692000e+02
   9.2711500e+02
   9.2728200e+02
   9.2741700e+02
   9.2752700e+02
   9.2760800e+02
   9.2766500e+02
   9.2769300e+02
   9.2770000e+02
   9.2767800e+02
   9.2763400e+02
   9.2756400e+02
   9.2746700e+02
   9.2734500e+02
   9.2719400e+02
   9.2701200e+02
   9.2679500e+02
   9.2654700e+02
   9.2626400e+02
   9.2594700e+02
   9.2560100e+02
   9.2525900e+02
   9.2492900e+02
   9.2459300e+02
   9.2425600e+02
   9.2392700e+02
   9.2360000e+02
   9.2327900e+02
   9.2298400e+02
   9.2271400e+02
   9.2246900e+02
   9.2225500e+02
   9.2206700e+02
   9.2190600e+02
   9.2177500e+02
   9.2167100e+02
   9.2159900e+02
   9.2155500e+02
   9.2153900e+02
   9.2155100e+02
   9.2159200e+02
   9.2166500e+02
   9.2176200e+02
   9.2189100e+02
   9.2205400e+02
   9.2224600e+02
   9.2247500e+02
   9.2273600e+02
   9.2303400e+02
   9.2337000e+02
   9.2373800e+02
   9.2410900e+02
   9.2447000e+02
   9.2483400e+02
   9.2519900e+02
   9.2556300e+02
   9.2592500e+02
   9.2628000e+02
   9.2663100e+02
   9.2696100e+02
   9.2726600e+02
   9.2754600e+02
   9.2780300e+02
   9.2802900e+02
   9.2823000e+02
   9.2840300e+02
   9.2854500e+02
   9.2865800e+02
   9.2874600e+02
   9.2879900e+02
   9.2882400e+02
   9.2882100e+02
   9.2879000e+02
   9.2872700e+02
   9.2863600e+02
   9.2851600e+02
   9.2836200e+02
   9.2818000e+02
   9.2796000e+02
   9.2770900e+02
   9.2742300e+02
   9.2710600e+02
   9.2677600e+02
   9.2645600e+02
   9.2613500e+02
   9.2581500e+02
   9.2549400e+02
   9.2518300e+02
   9.2488500e+02
   9.2460800e+02
   9.2435700e+02
   9.2412800e+02
   9.2392300e+02
   9.2374700e+02
   9.2359700e+02
   9.2347400e+02
   9.2338300e+02
   9.2331700e+02
   9.2327600e+02
   9.2326700e+02
   9.2328600e+02
   9.2333000e+02
   9.2340200e+02
   9.2349900e+02
   9.2363100e+02
   9.2379100e+02
   9.2398300e+02
   9.2420900e+02
   9.2447000e+02
   9.2476200e+02
   9.2508300e+02
   9.2540900e+02
   9.2571700e+02
   9.2603100e+02
   9.2634900e+02
   9.2665700e+02
   9.2695500e+02
   9.2723100e+02
   9.2748300e+02
   9.2770900e+02
   9.2791300e+02
   9.2808900e+02
   9.2824300e+02
   9.2836900e+02
   9.2846900e+02
   9.2854500e+02
   9.2859200e+02
   9.2861400e+02
   9.2861100e+02
   9.2858200e+02
   9.2852600e+02
   9.2844700e+02
   9.2834000e+02
   9.2820500e+02
   9.2804200e+02
   9.2784700e+02
   9.2762100e+02
   9.2736700e+02
   9.2708100e+02
   9.2677000e+02
   9.2646500e+02
   9.2617000e+02
   9.2587700e+02
   9.2558800e+02
   9.2532800e+02
   9.2509800e+02
   9.2489700e+02
   9.2472100e+02
   9.2457400e+02
   9.2445100e+02
   9.2435700e+02
   9.2428800e+02
   9.2424100e+02
   9.2422200e+02
   9.2423100e+02
   9.2426600e+02
   9.2432600e+02
   9.2441300e+02
   9.2452700e+02
   9.2466800e+02
   9.2483800e+02
   9.2503900e+02
   9.2527400e+02
   9.2554100e+02
   9.2584300e+02
   9.2616600e+02
   9.2647700e+02
   9.2677900e+02
   9.2708700e+02
   9.2738900e+02
   9.2766800e+02
   9.2791900e+02
   9.2814300e+02
   9.2834000e+02
   9.2851600e+02
   9.2866700e+02
   9.2879300e+02
   9.2889600e+02
   9.2897200e+02
   9.2902200e+02
   9.2904400e+02
   9.2903500e+02
   9.2900000e+02
   9.2893700e+02
   9.2884900e+02
   9.2873300e+02
   9.2858900e+02
   9.2841600e+02
   9.2821500e+02
   9.2797900e+02
   9.2771200e+02
   9.2742300e+02
   9.2713100e+02
   9.2685400e+02
   9.2657200e+02
   9.2630200e+02
   9.2605700e+02
   9.2584000e+02
   9.2565400e+02
   9.2550000e+02
   9.2536800e+02
   9.2526800e+02
   9.2518900e+02
   9.2513900e+02
   9.2511400e+02
   9.2511100e+02
   9.2513600e+02
   9.2518600e+02
   9.2526200e+02
   9.2536200e+02
   9.2548800e+02
   9.2564200e+02
   9.2582400e+02
   9.2604100e+02
   9.2628900e+02
   9.2656900e+02
   9.2686700e+02
   9.2715000e+02
   9.2742600e+02
   9.2770300e+02
   9.2795400e+02
   9.2817700e+02
   9.2836900e+02
   9.2853200e+02
   9.2867000e+02
   9.2878000e+02
   9.2886800e+02
   9.2892800e+02
   9.2896600e+02
   9.2897500e+02
   9.2896600e+02
   9.2892800e+02
   9.2886800e+02
   9.2878700e+02
   9.2867700e+02
   9.2854200e+02
   9.2838100e+02
   9.2819000e+02
   9.2797000e+02
   9.2771500e+02
   9.2743200e+02
   9.2715000e+02
   9.2688300e+02
   9.2661900e+02
   9.2637700e+02
   9.2617000e+02
   9.2599100e+02
   9.2584600e+02
   9.2572700e+02
   9.2563900e+02
   9.2557900e+02
   9.2555100e+02
   9.2554800e+02
   9.2557600e+02
   9.2562900e+02
   9.2571400e+02
   9.2582700e+02
   9.2597200e+02
   9.2614800e+02
   9.2636100e+02
   9.2660900e+02
   9.2689200e+02
   9.2720600e+02
   9.2751700e+02
   9.2781900e+02
   9.2812400e+02
   9.2842800e+02
   9.2871700e+02
   9.2898100e+02
   9.2922000e+02
   9.2943700e+02
   9.2962200e+02
   9.2978600e+02
   9.2991800e+02
   9.3002700e+02
   9.3010600e+02
   9.3015900e+02
   9.3018500e+02
   9.3018100e+02
   9.3015300e+02
   9.3009700e+02
   9.3001500e+02
   9.2990500e+02
   9.2976700e+02
   9.2960000e+02
   9.2939900e+02
   9.2916700e+02
   9.2891200e+02
   9.2866700e+02
   9.2843800e+02
   9.2823400e+02
   9.2806100e+02
   9.2792300e+02
   9.2781900e+02
   9.2774700e+02
   9.2770900e+02
   9.2770000e+02
   9.2772500e+02
   9.2778100e+02
   9.2786900e+02
   9.2799200e+02
   9.2814900e+02
   9.2834400e+02
   9.2857600e+02
   9.2884300e+02
   9.2914200e+02
   9.2946200e+02
   9.2977600e+02
   9.3008700e+02
   9.3039800e+02
   9.3071200e+02
   9.3101400e+02
   9.3129000e+02
   9.3154200e+02
   9.3176200e+02
   9.3196000e+02
   9.3212600e+02
   9.3227100e+02
   9.3238400e+02
   9.3246900e+02
   9.3252800e+02
   9.3256000e+02
   9.3256300e+02
   9.3253800e+02
   9.3248400e+02
   9.3240300e+02
   9.3229300e+02
   9.3215400e+02
   9.3198500e+02
   9.3178700e+02
   9.3155700e+02
   9.3130600e+02
   9.3107000e+02
   9.3084700e+02
   9.3065000e+02
   9.3048300e+02
   9.3034800e+02
   9.3024700e+02
   9.3017800e+02
   9.3014400e+02
   9.3014100e+02
   9.3017200e+02
   9.3023200e+02
   9.3032600e+02
   9.3045800e+02
   9.3062100e+02
   9.3082500e+02
   9.3106100e+02
   9.3133100e+02
   9.3162000e+02
   9.3190600e+02
   9.3218600e+02
   9.3247200e+02
   9.3275400e+02
   9.3302800e+02
   9.3328200e+02
   9.3350800e+02
   9.3370300e+02
   9.3387300e+02
   9.3401700e+02
   9.3413700e+02
   9.3423100e+02
   9.3430000e+02
   9.3434700e+02
   9.3436900e+02
   9.3436900e+02
   9.3434700e+02
   9.3430000e+02
   9.3423100e+02
   9.3413700e+02
   9.3401700e+02
   9.3387300e+02
   9.3370000e+02
   9.3349900e+02
   9.3327600e+02
   9.3306200e+02
   9.3287700e+02
   9.3272600e+02
   9.3260400e+02
   9.3250900e+02
   9.3245000e+02
   9.3242100e+02
   9.3242400e+02
   9.3245900e+02
   9.3252500e+02
   9.3262200e+02
   9.3275400e+02
   9.3291800e+02
   9.3311900e+02
   9.3335100e+02
   9.3362100e+02
   9.3392000e+02
   9.3421800e+02
   9.3450100e+02
   9.3479000e+02
   9.3507300e+02
   9.3533100e+02
   9.3556300e+02
   9.3576700e+02
   9.3594300e+02
   9.3609100e+02
   9.3621300e+02
   9.3630400e+02
   9.3637300e+02
   9.3641400e+02
   9.3643000e+02
   9.3642100e+02
   9.3638600e+02
   9.3632600e+02
   9.3624200e+02
   9.3612800e+02
   9.3598700e+02
   9.3581700e+02
   9.3561600e+02
   9.3540000e+02
   9.3519500e+02
   9.3502300e+02
   9.3488400e+02
   9.3477400e+02
   9.3469600e+02
   9.3465200e+02
   9.3463900e+02
   9.3466100e+02
   9.3471800e+02
   9.3480600e+02
   9.3492800e+02
   9.3508200e+02
   9.3527400e+02
   9.3549700e+02
   9.3575500e+02
   9.3603700e+02
   9.3631400e+02
   9.3658100e+02
   9.3685100e+02
   9.3711800e+02
   9.3735400e+02
   9.3756100e+02
   9.3773700e+02
   9.3788500e+02
   9.3800100e+02
   9.3808600e+02
   9.3814200e+02
   9.3817000e+02
   9.3817000e+02
   9.3813900e+02
   9.3808300e+02
   9.3799800e+02
   9.3788100e+02
   9.3773400e+02
   9.3755500e+02
   9.3734100e+02
   9.3711200e+02
   9.3689200e+02
   9.3668800e+02
   9.3650200e+02
   9.3635200e+02
   9.3623200e+02
   9.3614700e+02
   9.3609400e+02
   9.3607500e+02
   9.3609400e+02
   9.3614400e+02
   9.3622600e+02
   9.3634200e+02
   9.3649300e+02
   9.3668100e+02
   9.3690100e+02
   9.3715900e+02
   9.3742900e+02
   9.3768700e+02
   9.3794100e+02
   9.3820200e+02
   9.3845000e+02
   9.3867600e+02
   9.3887100e+02
   9.3903800e+02
   9.3917600e+02
   9.3928900e+02
   9.3937100e+02
   9.3942400e+02
   9.3944900e+02
   9.3944600e+02
   9.3941800e+02
   9.3935800e+02
   9.3927000e+02
   9.3915700e+02
   9.3901200e+02
   9.3884000e+02
   9.3863900e+02
   9.3841200e+02
   9.3819900e+02
   9.3801300e+02
   9.3786300e+02
   9.3774000e+02
   9.3765500e+02
   9.3760200e+02
   9.3758000e+02
   9.3759200e+02
   9.3763600e+02
   9.3771200e+02
   9.3782200e+02
   9.3796600e+02
   9.3814800e+02
   9.3836500e+02
   9.3861300e+02
   9.3888000e+02
   9.3913800e+02
   9.3938900e+02
   9.3964400e+02
   9.3988000e+02
   9.4008400e+02
   9.4026300e+02
   9.4041000e+02
   9.4053300e+02
   9.4062700e+02
   9.4069600e+02
   9.4074000e+02
   9.4075900e+02
   9.4075000e+02
   9.4071500e+02
   9.4065900e+02
   9.4057400e+02
   9.4046100e+02
   9.4031900e+02
   9.4015000e+02
   9.3995200e+02
   9.3974800e+02
   9.3957200e+02
   9.3942700e+02
   9.3931400e+02
   9.3923500e+02
   9.3918800e+02
   9.3917600e+02
   9.3919100e+02
   9.3924200e+02
   9.3932300e+02
   9.3944000e+02
   9.3959000e+02
   9.3977300e+02
   9.3999300e+02
   9.4024400e+02
   9.4051400e+02
   9.4077800e+02
   9.4102900e+02
   9.4127800e+02
   9.4150400e+02
   9.4170200e+02
   9.4186800e+02
   9.4201000e+02
   9.4211900e+02
   9.4220700e+02
   9.4226700e+02
   9.4229900e+02
   9.4230800e+02
   9.4228900e+02
   9.4224200e+02
   9.4217300e+02
   9.4207600e+02
   9.4195300e+02
   9.4179900e+02
   9.4161700e+02
   9.4142200e+02
   9.4125200e+02
   9.4111700e+02
   9.4101000e+02
   9.4093500e+02
   9.4088800e+02
   9.4087500e+02
   9.4089100e+02
   9.4094100e+02
   9.4102000e+02
   9.4112700e+02
   9.4126800e+02
   9.4144400e+02
   9.4165100e+02
   9.4188700e+02
   9.4212600e+02
   9.4235200e+02
   9.4257200e+02
   9.4277000e+02
   9.4293300e+02
   9.4306500e+02
   9.4316200e+02
   9.4323200e+02
   9.4326600e+02
   9.4326900e+02
   9.4324100e+02
   9.4318400e+02
   9.4309600e+02
   9.4297700e+02
   9.4282300e+02
   9.4263500e+02
   9.4241500e+02
   9.4218200e+02
   9.4196600e+02
   9.4175800e+02
   9.4157600e+02
   9.4142200e+02
   9.4129900e+02
   9.4120800e+02
   9.4114200e+02
   9.4111100e+02
   9.4110500e+02
   9.4112700e+02
   9.4118000e+02
   9.4125900e+02
   9.4137200e+02
   9.4151300e+02
   9.4168600e+02
   9.4189300e+02
   9.4211900e+02
   9.4233300e+02
   9.4251500e+02
   9.4266600e+02
   9.4278500e+02
   9.4287000e+02
   9.4292400e+02
   9.4294600e+02
   9.4293900e+02
   9.4289900e+02
   9.4282900e+02
   9.4272900e+02
   9.4259400e+02
   9.4242400e+02
   9.4222300e+02
   9.4199700e+02
   9.4177100e+02
   9.4155700e+02
   9.4135000e+02
   9.4116400e+02
   9.4101000e+02
   9.4088800e+02
   9.4079400e+02
   9.4073100e+02
   9.4069600e+02
   9.4069300e+02
   9.4072500e+02
   9.4078100e+02
   9.4086900e+02
   9.4098800e+02
   9.4113600e+02
   9.4131800e+02
   9.4152300e+02
   9.4173000e+02
   9.4191500e+02
   9.4207200e+02
   9.4220100e+02
   9.4229900e+02
   9.4236500e+02
   9.4240200e+02
   9.4241200e+02
   9.4238600e+02
   9.4233000e+02
   9.4224500e+02
   9.4212900e+02
   9.4198100e+02
   9.4180200e+02
   9.4159200e+02
   9.4137500e+02
   9.4117400e+02
   9.4097900e+02
   9.4080600e+02
   9.4066500e+02
   9.4055200e+02
   9.4047000e+02
   9.4042300e+02
   9.4040700e+02
   9.4042300e+02
   9.4047000e+02
   9.4055200e+02
   9.4066200e+02
   9.4080600e+02
   9.4098200e+02
   9.4118600e+02
   9.4139700e+02
   9.4159200e+02
   9.4175500e+02
   9.4189000e+02
   9.4199400e+02
   9.4206300e+02
   9.4210100e+02
   9.4211000e+02
   9.4208500e+02
   9.4203100e+02
   9.4194700e+02
   9.4182700e+02
   9.4167700e+02
   9.4148800e+02
   9.4126800e+02
   9.4103200e+02
   9.4080900e+02
   9.4059600e+02
   9.4040700e+02
   9.4024700e+02
   9.4011800e+02
   9.4002400e+02
   9.3996100e+02
   9.3993000e+02
   9.3993000e+02
   9.3995800e+02
   9.4002100e+02
   9.4011200e+02
   9.4023100e+02
   9.4038800e+02
   9.4057700e+02
   9.4076500e+02
   9.4093800e+02
   9.4108300e+02
   9.4119600e+02
   9.4127400e+02
   9.4131800e+02
   9.4133400e+02
   9.4131200e+02
   9.4125900e+02
   9.4117400e+02
   9.4105400e+02
   9.4089700e+02
   9.4070900e+02
   9.4048600e+02
   9.4023800e+02
   9.3999300e+02
   9.3976000e+02
   9.3953700e+02
   9.3933900e+02
   9.3916900e+02
   9.3902800e+02
   9.3891500e+02
   9.3883300e+02
   9.3878300e+02
   9.3876100e+02
   9.3876700e+02
   9.3880200e+02
   9.3886800e+02
   9.3895900e+02
   9.3907800e+02
   9.3922900e+02
   9.3939900e+02
   9.3955900e+02
   9.3968800e+02
   9.3978500e+02
   9.3984800e+02
   9.3987600e+02
   9.3987300e+02
   9.3983900e+02
   9.3977300e+02
   9.3966900e+02
   9.3953400e+02
   9.3936400e+02
   9.3916000e+02
   9.3893100e+02
   9.3870500e+02
   9.3849700e+02
   9.3831500e+02
   9.3816100e+02
   9.3803900e+02
   9.3794400e+02
   9.3788500e+02
   9.3785600e+02
   9.3785600e+02
   9.3789100e+02
   9.3795400e+02
   9.3805100e+02
   9.3818000e+02
   9.3834000e+02
   9.3853200e+02
   9.3873300e+02
   9.3891200e+02
   9.3906300e+02
   9.3918500e+02
   9.3927600e+02
   9.3933900e+02
   9.3936700e+02
   9.3936700e+02
   9.3933300e+02
   9.3927000e+02
   9.3917300e+02
   9.3904400e+02
   9.3888400e+02
   9.3869200e+02
   9.3848200e+02
   9.3828400e+02
   9.3811100e+02
   9.3796300e+02
   9.3784400e+02
   9.3775900e+02
   9.3770600e+02
   9.3768000e+02
   9.3768700e+02
   9.3772400e+02
   9.3779300e+02
   9.3789400e+02
   9.3802600e+02
   9.3819200e+02
   9.3838100e+02
   9.3856600e+02
   9.3873300e+02
   9.3887400e+02
   9.3898400e+02
   9.3906300e+02
   9.3911000e+02
   9.3912600e+02
   9.3911300e+02
   9.3906300e+02
   9.3898400e+02
   9.3887400e+02
   9.3873000e+02
   9.3855100e+02
   9.3834300e+02
   9.3812300e+02
   9.3792200e+02
   9.3775000e+02
   9.3760500e+02
   9.3748900e+02
   9.3740400e+02
   9.3735100e+02
   9.3732900e+02
   9.3733500e+02
   9.3737200e+02
   9.3744200e+02
   9.3753900e+02
   9.3766800e+02
   9.3782800e+02
   9.3801300e+02
   9.3819200e+02
   9.3834300e+02
   9.3846000e+02
   9.3854400e+02
   9.3859500e+02
   9.3861000e+02
   9.3859500e+02
   9.3854700e+02
   9.3846600e+02
   9.3835000e+02
   9.3819900e+02
   9.3801000e+02
   9.3780000e+02
   9.3758600e+02
   9.3739500e+02
   9.3722500e+02
   9.3709000e+02
   9.3698600e+02
   9.3691400e+02
   9.3687600e+02
   9.3687000e+02
   9.3689800e+02
   9.3695800e+02
   9.3704900e+02
   9.3717800e+02
   9.3733800e+02
   9.3752300e+02
   9.3769600e+02
   9.3785300e+02
   9.3798800e+02
   9.3808600e+02
   9.3815200e+02
   9.3818300e+02
   9.3818000e+02
   9.3814200e+02
   9.3807000e+02
   9.3796300e+02
   9.3782200e+02
   9.3764900e+02
   9.3745100e+02
   9.3726300e+02
   9.3708300e+02
   9.3690400e+02
   9.3675400e+02
   9.3663400e+02
   9.3654600e+02
   9.3649300e+02
   9.3647100e+02
   9.3648000e+02
   9.3652100e+02
   9.3659000e+02
   9.3669400e+02
   9.3682900e+02
   9.3700200e+02
   9.3719700e+02
   9.3737900e+02
   9.3753000e+02
   9.3764900e+02
   9.3773100e+02
   9.3778700e+02
   9.3780900e+02
   9.3780000e+02
   9.3775900e+02
   9.3768700e+02
   9.3758000e+02
   9.3744200e+02
   9.3726900e+02
   9.3709000e+02
   9.3692600e+02
   9.3677200e+02
   9.3664100e+02
   9.3654600e+02
   9.3648300e+02
   9.3644900e+02
   9.3644900e+02
   9.3648000e+02
   9.3654000e+02
   9.3663400e+02
   9.3676000e+02
   9.3692000e+02
   9.3710900e+02
   9.3730000e+02
   9.3746700e+02
   9.3760500e+02
   9.3771200e+02
   9.3778700e+02
   9.3783100e+02
   9.3784400e+02
   9.3782500e+02
   9.3777500e+02
   9.3769000e+02
   9.3757400e+02
   9.3742000e+02
   9.3724100e+02
   9.3706500e+02
   9.3691100e+02
   9.3677900e+02
   9.3668100e+02
   9.3661200e+02
   9.3657500e+02
   9.3656800e+02
   9.3659300e+02
   9.3664700e+02
   9.3673500e+02
   9.3685100e+02
   9.3700200e+02
   9.3718700e+02
   9.3737900e+02
   9.3755200e+02
   9.3769600e+02
   9.3780900e+02
   9.3789100e+02
   9.3794400e+02
   9.3796000e+02
   9.3794400e+02
   9.3789400e+02
   9.3781200e+02
   9.3769900e+02
   9.3755200e+02
   9.3737600e+02
   9.3719700e+02
   9.3703900e+02
   9.3690800e+02
   9.3681000e+02
   9.3674100e+02
   9.3670300e+02
   9.3669400e+02
   9.3671600e+02
   9.3676600e+02
   9.3684800e+02
   9.3696100e+02
   9.3710900e+02
   9.3728800e+02
   9.3747300e+02
   9.3764000e+02
   9.3777500e+02
   9.3788100e+02
   9.3795700e+02
   9.3799800e+02
   9.3800700e+02
   9.3798200e+02
   9.3792900e+02
   9.3783700e+02
   9.3771800e+02
   9.3756400e+02
   9.3738500e+02
   9.3721200e+02
   9.3705800e+02
   9.3693000e+02
   9.3683500e+02
   9.3677200e+02
   9.3673500e+02
   9.3673200e+02
   9.3675400e+02
   9.3680700e+02
   9.3689200e+02
   9.3700800e+02
   9.3715900e+02
   9.3734400e+02
   9.3753600e+02
   9.3769900e+02
   9.3783400e+02
   9.3793800e+02
   9.3801700e+02
   9.3806100e+02
   9.3807900e+02
   9.3806400e+02
   9.3802000e+02
   9.3794400e+02
   9.3783700e+02
   9.3770200e+02
   9.3754200e+02
   9.3738500e+02
   9.3726300e+02
   9.3717100e+02
   9.3711800e+02
   9.3709600e+02
   9.3710900e+02
   9.3715300e+02
   9.3723100e+02
   9.3734400e+02
   9.3749200e+02
   9.3767400e+02
   9.3787500e+02
   9.3807000e+02
   9.3823300e+02
   9.3837200e+02
   9.3847500e+02
   9.3855400e+02
   9.3859800e+02
   9.3861000e+02
   9.3859500e+02
   9.3854400e+02
   9.3846600e+02
   9.3835600e+02
   9.3821100e+02
   9.3805100e+02
   9.3790300e+02
   9.3778700e+02
   9.3770600e+02
   9.3765500e+02
   9.3763600e+02
   9.3765200e+02
   9.3770200e+02
   9.3778100e+02
   9.3789700e+02
   9.3804500e+02
   9.3822400e+02
   9.3840900e+02
   9.3857600e+02
   9.3871400e+02
   9.3882400e+02
   9.3890200e+02
   9.3895000e+02
   9.3896500e+02
   9.3895300e+02
   9.3890900e+02
   9.3883300e+02
   9.3873000e+02
   9.3859100e+02
   9.3842200e+02
   9.3824300e+02
   9.3808900e+02
   9.3796900e+02
   9.3788100e+02
   9.3782200e+02
   9.3779300e+02
   9.3779300e+02
   9.3782200e+02
   9.3788100e+02
   9.3797300e+02
   9.3809200e+02
   9.3824300e+02
   9.3841600e+02
   9.3856300e+02
   9.3868300e+02
   9.3876400e+02
   9.3882100e+02
   9.3884300e+02
   9.3883600e+02
   9.3879900e+02
   9.3872700e+02
   9.3862600e+02
   9.3849400e+02
   9.3833100e+02
   9.3815500e+02
   9.3800700e+02
   9.3789100e+02
   9.3780300e+02
   9.3774000e+02
   9.3770900e+02
   9.3770600e+02
   9.3773400e+02
   9.3778700e+02
   9.3787200e+02
   9.3798800e+02
   9.3813300e+02
   9.3829900e+02
   9.3844700e+02
   9.3856000e+02
   9.3864200e+02
   9.3869500e+02
   9.3871400e+02
   9.3870500e+02
   9.3866100e+02
   9.3858800e+02
   9.3848500e+02
   9.3834600e+02
   9.3818000e+02
   9.3800100e+02
   9.3784700e+02
   9.3772100e+02
   9.3762400e+02
   9.3755500e+02
   9.3752000e+02
   9.3751400e+02
   9.3754200e+02
   9.3759900e+02
   9.3768700e+02
   9.3780600e+02
   9.3795100e+02
   9.3809200e+02
   9.3820200e+02
   9.3828000e+02
   9.3832400e+02
   9.3833700e+02
   9.3831800e+02
   9.3826500e+02
   9.3818300e+02
   9.3806700e+02
   9.3791900e+02
   9.3774300e+02
   9.3757000e+02
   9.3742600e+02
   9.3731000e+02
   9.3722800e+02
   9.3717800e+02
   9.3715600e+02
   9.3716500e+02
   9.3720600e+02
   9.3727800e+02
   9.3738500e+02
   9.3752300e+02
   9.3769000e+02
   9.3786600e+02
   9.3801000e+02
   9.3812600e+02
   9.3821400e+02
   9.3827100e+02
   9.3829600e+02
   9.3829600e+02
   9.3826500e+02
   9.3820200e+02
   9.3811100e+02
   9.3798800e+02
   9.3784400e+02
   9.3770900e+02
   9.3760500e+02
   9.3753000e+02
   9.3748900e+02
   9.3747600e+02
   9.3749800e+02
   9.3755200e+02
   9.3763600e+02
   9.3775000e+02
   9.3789400e+02
   9.3807000e+02
   9.3825200e+02
   9.3840300e+02
   9.3852900e+02
   9.3862300e+02
   9.3868600e+02
   9.3872300e+02
   9.3873000e+02
   9.3870800e+02
   9.3865400e+02
   9.3857300e+02
   9.3846300e+02
   9.3832800e+02
   9.3821400e+02
   9.3812600e+02
   9.3807600e+02
   9.3805400e+02
   9.3806700e+02
   9.3810800e+02
   9.3818300e+02
   9.3829000e+02
   9.3842800e+02
   9.3859800e+02
   9.3877400e+02
   9.3893400e+02
   9.3906900e+02
   9.3916900e+02
   9.3924500e+02
   9.3928600e+02
   9.3929800e+02
   9.3928300e+02
   9.3923200e+02
   9.3915400e+02
   9.3904400e+02
   9.3890200e+02
   9.3874900e+02
   9.3862000e+02
   9.3852200e+02
   9.3845300e+02
   9.3841600e+02
   9.3841200e+02
   9.3843800e+02
   9.3849100e+02
   9.3857900e+02
   9.3869500e+02
   9.3884300e+02
   9.3899700e+02
   9.3912600e+02
   9.3922300e+02
   9.3929200e+02
   9.3933300e+02
   9.3933900e+02
   9.3931700e+02
   9.3926400e+02
   9.3918200e+02
   9.3906600e+02
   9.3892400e+02
   9.3876400e+02
   9.3862600e+02
   9.3851900e+02
   9.3844100e+02
   9.3839400e+02
   9.3837500e+02
   9.3838700e+02
   9.3842800e+02
   9.3849700e+02
   9.3859800e+02
   9.3872700e+02
   9.3887700e+02
   9.3900900e+02
   9.3911300e+02
   9.3918500e+02
   9.3923200e+02
   9.3924800e+02
   9.3923500e+02
   9.3919100e+02
   9.3912200e+02
   9.3902200e+02
   9.3889300e+02
   9.3874500e+02
   9.3861700e+02
   9.3851900e+02
   9.3845300e+02
   9.3841200e+02
   9.3840300e+02
   9.3842200e+02
   9.3846900e+02
   9.3854700e+02
   9.3865400e+02
   9.3879300e+02
   9.3895000e+02
   9.3908500e+02
   9.3919100e+02
   9.3927000e+02
   9.3932000e+02
   9.3934500e+02
   9.3933900e+02
   9.3930100e+02
   9.3923900e+02
   9.3914800e+02
   9.3902800e+02
   9.3889000e+02
   9.3877400e+02
   9.3868900e+02
   9.3863500e+02
   9.3860700e+02
   9.3861300e+02
   9.3864500e+02
   9.3871100e+02
   9.3880500e+02
   9.3892800e+02
   9.3908200e+02
   9.3922900e+02
   9.3935200e+02
   9.3944600e+02
   9.3950900e+02
   9.3954000e+02
   9.3954000e+02
   9.3950900e+02
   9.3944900e+02
   9.3935500e+02
   9.3923200e+02
   9.3909400e+02
   9.3897500e+02
   9.3888700e+02
   9.3882700e+02
   9.3879900e+02
   9.3880200e+02
   9.3883300e+02
   9.3889300e+02
   9.3898400e+02
   9.3910400e+02
   9.3925400e+02
   9.3941800e+02
   9.3955900e+02
   9.3966900e+02
   9.3974800e+02
   9.3979500e+02
   9.3981000e+02
   9.3979500e+02
   9.3974800e+02
   9.3967200e+02
   9.3956200e+02
   9.3942700e+02
   9.3929800e+02
   9.3919800e+02
   9.3912900e+02
   9.3908800e+02
   9.3907200e+02
   9.3908800e+02
   9.3913200e+02
   9.3920100e+02
   9.3930100e+02
   9.3943000e+02
   9.3957800e+02
   9.3970700e+02
   9.3980100e+02
   9.3986400e+02
   9.3989800e+02
   9.3989800e+02
   9.3986700e+02
   9.3980700e+02
   9.3971300e+02
   9.3959000e+02
   9.3944000e+02
   9.3930100e+02
   9.3919500e+02
   9.3911300e+02
   9.3905600e+02
   9.3902800e+02
   9.3903100e+02
   9.3906000e+02
   9.3911600e+02
   9.3919800e+02
   9.3931100e+02
   9.3944300e+02
   9.3955900e+02
   9.3964400e+02
   9.3969700e+02
   9.3971900e+02
   9.3971000e+02
   9.3967200e+02
   9.3960300e+02
   9.3950300e+02
   9.3937400e+02
   9.3922900e+02
   9.3911000e+02
   9.3901600e+02
   9.3895300e+02
   9.3891500e+02
   9.3890600e+02
   9.3892400e+02
   9.3897200e+02
   9.3904400e+02
   9.3914800e+02
   9.3927600e+02
   9.3940800e+02
   9.3950900e+02
   9.3957800e+02
   9.3961900e+02
   9.3962800e+02
   9.3960900e+02
   9.3956200e+02
   9.3948400e+02
   9.3937400e+02
   9.3923500e+02
   9.3908800e+02
   9.3896500e+02
   9.3887100e+02
   9.3880500e+02
   9.3876700e+02
   9.3875500e+02
   9.3877700e+02
   9.3882400e+02
   9.3889900e+02
   9.3900600e+02
   9.3913200e+02
   9.3924200e+02
   9.3932300e+02
   9.3937400e+02
   9.3939600e+02
   9.3938900e+02
   9.3935200e+02
   9.3928300e+02
   9.3918800e+02
   9.3906600e+02
   9.3892800e+02
   9.3881800e+02
   9.3873600e+02
   9.3868300e+02
   9.3865400e+02
   9.3865700e+02
   9.3868900e+02
   9.3874900e+02
   9.3884000e+02
   9.3895600e+02
   9.3910000e+02
   9.3923900e+02
   9.3934900e+02
   9.3943000e+02
   9.3948400e+02
   9.3950900e+02
   9.3950300e+02
