   0.0000000e+00
   0.0000000e+00
   4.7100000e-03
   1.8840000e-02
   4.2390000e-02
   7.5360000e-02
   1.1775000e-01
   1.6956000e-01
   2.3078900e-01
   3.0143900e-01
   3.8150700e-01
   4.7099500e-01
   5.6990100e-01
   6.7822600e-01
   7.9596700e-01
   9.2312400e-01
   1.0596900e+00
   1.2056800e+00
   1.3610700e+00
   1.5258800e+00
   1.7000800e+00
   1.8836900e+00
   2.0767000e+00
   2.2790900e+00
   2.4908700e+00
   2.7120400e+00
   2.9425700e+00
   3.1824700e+00
   3.4317200e+00
   3.6903100e+00
   3.9582300e+00
   4.2354700e+00
   4.5220200e+00
   4.8178500e+00
   5.1229400e+00
   5.4372900e+00
   5.7608600e+00
   6.0936400e+00
   6.4355900e+00
   6.7866800e+00
   7.1469000e+00
   7.5162000e+00
   7.8945500e+00
   8.2819100e+00
   8.6782400e+00
   9.0835000e+00
   9.4976300e+00
   9.9205900e+00
   1.0352300e+01
   1.0792800e+01
   1.1241900e+01
   1.1699600e+01
   1.2165800e+01
   1.2640400e+01
   1.3123400e+01
   1.3614700e+01
   1.4114200e+01
   1.4621800e+01
   1.5137400e+01
   1.5660900e+01
   1.6192200e+01
   1.6731200e+01
   1.7277700e+01
   1.7831700e+01
   1.8393000e+01
   1.8961500e+01
   1.9536900e+01
   2.0119300e+01
   2.0708300e+01
   2.1303900e+01
   2.1905900e+01
   2.2514100e+01
   2.3128300e+01
   2.3748300e+01
   2.4373900e+01
   2.5004900e+01
   2.5641200e+01
   2.6282300e+01
   2.6928200e+01
   2.7578600e+01
   2.8233200e+01
   2.8891800e+01
   2.9554100e+01
   3.0219800e+01
   3.0888600e+01
   3.1560300e+01
   3.2234500e+01
   3.2910800e+01
   3.3589100e+01
   3.4268900e+01
   3.4949900e+01
   3.5631700e+01
   3.6314000e+01
   3.6996300e+01
   3.7678400e+01
   3.8359800e+01
   3.9040000e+01
   3.9718700e+01
   4.0395500e+01
   4.1069800e+01
   4.1741300e+01
   4.2409500e+01
   4.3073900e+01
   4.3734000e+01
   4.4389400e+01
   4.5039400e+01
   4.5683700e+01
   4.6321700e+01
   4.6952800e+01
   4.7576600e+01
   4.8192400e+01
   4.8799700e+01
   4.9397900e+01
   4.9986500e+01
   5.0564800e+01
   5.1132300e+01
   5.1688400e+01
   5.2232300e+01
   5.2763600e+01
   5.3281600e+01
   5.3785600e+01
   5.4275000e+01
   5.4749100e+01
   5.5207400e+01
   5.5649100e+01
   5.6073500e+01
   5.6480100e+01
   5.6868000e+01
   5.7236800e+01
   5.7585600e+01
   5.7913700e+01
   5.8220600e+01
   5.8505600e+01
   5.8767800e+01
   5.9006700e+01
   5.9221600e+01
   5.9411800e+01
   5.9576700e+01
   5.9715400e+01
   5.9827500e+01
   5.9912200e+01
   5.9968900e+01
   5.9996900e+01
   5.9995600e+01
   5.9964400e+01
   5.9902600e+01
   5.9809700e+01
   5.9685000e+01
   5.9528000e+01
   5.9338200e+01
   5.9114800e+01
   5.8857600e+01
   5.8565800e+01
   5.8239100e+01
   5.7877000e+01
   5.7479000e+01
   5.7044700e+01
   5.6573700e+01
   5.6065600e+01
   5.5520100e+01
   5.4936900e+01
   5.4315600e+01
   5.3656100e+01
   5.2958100e+01
   5.2221400e+01
   5.1445900e+01
   5.0631400e+01
   4.9777900e+01
   4.8885300e+01
   4.7953600e+01
   4.6983000e+01
   4.5973400e+01
   4.4925000e+01
   4.3838000e+01
   4.2712600e+01
   4.1549000e+01
   4.0347700e+01
   3.9109000e+01
   3.7833200e+01
   3.6520900e+01
   3.5172700e+01
   3.3789000e+01
   3.2370600e+01
   3.0918100e+01
   2.9432200e+01
   2.7913900e+01
   2.6364000e+01
   2.4783300e+01
   2.3173000e+01
   2.1534000e+01
   1.9867400e+01
   1.8174500e+01
   1.6456400e+01
   1.4714500e+01
   1.2950100e+01
   1.1164500e+01
   9.3594300e+00
   7.5362400e+00
   5.6965800e+00
   3.8420900e+00
   1.9744900e+00
   9.5559200e-02
  -1.7928800e+00
  -3.6889500e+00
  -5.5907100e+00
  -7.4961600e+00
  -9.4032700e+00
  -1.1309900e+01
  -1.3214000e+01
  -1.5113300e+01
  -1.7005600e+01
  -1.8888700e+01
  -2.0760100e+01
  -2.2617600e+01
  -2.4458700e+01
  -2.6281100e+01
  -2.8082300e+01
  -2.9859800e+01
  -3.1611200e+01
  -3.3333900e+01
  -3.5025300e+01
  -3.6683000e+01
  -3.8304400e+01
  -3.9886900e+01
  -4.1428000e+01
  -4.2925100e+01
  -4.4375800e+01
  -4.5777400e+01
  -4.7127400e+01
  -4.8423400e+01
  -4.9663000e+01
  -5.0843600e+01
  -5.1963000e+01
  -5.3018700e+01
  -5.4008500e+01
  -5.4930100e+01
  -5.5781400e+01
  -5.6560200e+01
  -5.7264500e+01
  -5.7892400e+01
  -5.8441900e+01
  -5.8911300e+01
  -5.9298800e+01
  -5.9602900e+01
  -5.9822000e+01
  -5.9954800e+01
  -6.0000000e+01
  -5.9956400e+01
  -5.9823100e+01
  -5.9599000e+01
  -5.9283600e+01
  -5.8876100e+01
  -5.8376100e+01
  -5.7783200e+01
  -5.7097400e+01
  -5.6318700e+01
  -5.5447100e+01
  -5.4483100e+01
  -5.3427200e+01
  -5.2279900e+01
  -5.1042400e+01
  -4.9715400e+01
  -4.8300400e+01
  -4.6798700e+01
  -4.5211900e+01
  -4.3541900e+01
  -4.1790600e+01
  -3.9960300e+01
  -3.8053200e+01
  -3.6072000e+01
  -3.4019400e+01
  -3.1898400e+01
  -2.9712100e+01
  -2.7463900e+01
  -2.5157200e+01
  -2.2795700e+01
  -2.0383400e+01
  -1.7924200e+01
  -1.5422400e+01
  -1.2882400e+01
  -1.0308600e+01
  -7.7057800e+00
  -5.0787200e+00
  -2.4324100e+00
   2.2807100e-01
   2.8975100e+00
   5.5706000e+00
   8.2419000e+00
   1.0905900e+01
   1.3557000e+01
   1.6189600e+01
   1.8797900e+01
   2.1376200e+01
   2.3918700e+01
   2.6419500e+01
   2.8872900e+01
   3.1273100e+01
   3.3614200e+01
   3.5890500e+01
   3.8096300e+01
   4.0226000e+01
   4.2274100e+01
   4.4235100e+01
   4.6103700e+01
   4.7874600e+01
   4.9543000e+01
   5.1103800e+01
   5.2552300e+01
   5.3884200e+01
   5.5095000e+01
   5.6180800e+01
   5.7137600e+01
   5.7962000e+01
   5.8650700e+01
   5.9200600e+01
   5.9609200e+01
   5.9874000e+01
   5.9993000e+01
   5.9964500e+01
   5.9787200e+01
   5.9460100e+01
   5.8982600e+01
   5.8354500e+01
   5.7576100e+01
   5.6647900e+01
   5.5571000e+01
   5.4346800e+01
   5.2977100e+01
   5.1464200e+01
   4.9810900e+01
   4.8020300e+01
   4.6096000e+01
   4.4041900e+01
   4.1862500e+01
   3.9562700e+01
   3.7147700e+01
   3.4623200e+01
   3.1995200e+01
   2.9270300e+01
   2.6455200e+01
   2.3557200e+01
   2.0583900e+01
   1.7543100e+01
   1.4443000e+01
   1.1292100e+01
   8.0993200e+00
   4.8735500e+00
   1.6241200e+00
  -1.6395100e+00
  -4.9076700e+00
  -8.1705700e+00
  -1.1418300e+01
  -1.4640700e+01
  -1.7827800e+01
  -2.0969500e+01
  -2.4055600e+01
  -2.7076000e+01
  -3.0020700e+01
  -3.2879900e+01
  -3.5643600e+01
  -3.8302300e+01
  -4.0846600e+01
  -4.3267300e+01
  -4.5555600e+01
  -4.7702900e+01
  -4.9701100e+01
  -5.1542200e+01
  -5.3218900e+01
  -5.4724300e+01
  -5.6051900e+01
  -5.7195800e+01
  -5.8150700e+01
  -5.8911700e+01
  -5.9474600e+01
  -5.9836000e+01
  -5.9993000e+01
  -5.9943300e+01
  -5.9685400e+01
  -5.9218700e+01
  -5.8543100e+01
  -5.7659300e+01
  -5.6568800e+01
  -5.5273800e+01
  -5.3777500e+01
  -5.2083700e+01
  -5.0196900e+01
  -4.8122600e+01
  -4.5866900e+01
  -4.3436700e+01
  -4.0839800e+01
  -3.8084400e+01
  -3.5179800e+01
  -3.2135700e+01
  -2.8962600e+01
  -2.5671600e+01
  -2.2274400e+01
  -1.8783300e+01
  -1.5211000e+01
  -1.1570900e+01
  -7.8766000e+00
  -4.1422300e+00
  -3.8223400e-01
   3.3886700e+00
   7.1555300e+00
   1.0903200e+01
   1.4616500e+01
   1.8280200e+01
   2.1878900e+01
   2.5397500e+01
   2.8821000e+01
   3.2134500e+01
   3.5323400e+01
   3.8373700e+01
   4.1271500e+01
   4.4003400e+01
   4.6556800e+01
   4.8919600e+01
   5.1080100e+01
   5.3027800e+01
   5.4752700e+01
   5.6245700e+01
   5.7498600e+01
   5.8504400e+01
   5.9256700e+01
   5.9750400e+01
   5.9981600e+01
   5.9947300e+01
   5.9645900e+01
   5.9076700e+01
   5.8240400e+01
   5.7139100e+01
   5.5775700e+01
   5.4154800e+01
   5.2281900e+01
   5.0164100e+01
   4.7809300e+01
   4.5227000e+01
   4.2427600e+01
   3.9422900e+01
   3.6225600e+01
   3.2849500e+01
   2.9309700e+01
   2.5621700e+01
   2.1802600e+01
   1.7869700e+01
   1.3841400e+01
   9.7368000e+00
   5.5753800e+00
   1.3772900e+00
  -2.8369900e+00
  -7.0466100e+00
  -1.1230600e+01
  -1.5367700e+01
  -1.9436900e+01
  -2.3417200e+01
  -2.7287700e+01
  -3.1028000e+01
  -3.4618100e+01
  -3.8038500e+01
  -4.1270500e+01
  -4.4295900e+01
  -4.7097800e+01
  -4.9659900e+01
  -5.1967300e+01
  -5.4006100e+01
  -5.5763800e+01
  -5.7229100e+01
  -5.8392300e+01
  -5.9245300e+01
  -5.9781500e+01
  -5.9995800e+01
  -5.9885100e+01
  -5.9447900e+01
  -5.8684600e+01
  -5.7597100e+01
  -5.6189500e+01
  -5.4467600e+01
  -5.2439000e+01
  -5.0113100e+01
  -4.7501100e+01
  -4.4616000e+01
  -4.1472300e+01
  -3.8086500e+01
  -3.4476300e+01
  -3.0661100e+01
  -2.6661600e+01
  -2.2499800e+01
  -1.8198900e+01
  -1.3783200e+01
  -9.2777400e+00
  -4.7086000e+00
  -1.0235500e-01
   4.5138900e+00
   9.1126800e+00
   1.3666400e+01
   1.8147500e+01
   2.2528400e+01
   2.6782000e+01
   3.0881600e+01
   3.4801400e+01
   3.8516300e+01
   4.2002000e+01
   4.5235700e+01
   4.8195900e+01
   5.0862500e+01
   5.3217000e+01
   5.5242800e+01
   5.6925300e+01
   5.8251600e+01
   5.9211200e+01
   5.9796000e+01
   5.9999800e+01
   5.9819200e+01
   5.9253100e+01
   5.8302800e+01
   5.6972300e+01
   5.5268100e+01
   5.3199100e+01
   5.0776800e+01
   4.8015100e+01
   4.4930400e+01
   4.1541300e+01
   3.7868800e+01
   3.3935700e+01
   2.9767100e+01
   2.5389700e+01
   2.0832100e+01
   1.6124300e+01
   1.1297500e+01
   6.3841700e+00
   1.4176700e+00
  -3.5679800e+00
  -8.5383100e+00
  -1.3458600e+01
  -1.8294300e+01
  -2.3010800e+01
  -2.7574400e+01
  -3.1951800e+01
  -3.6111100e+01
  -4.0021400e+01
  -4.3653200e+01
  -4.6979100e+01
  -4.9973400e+01
  -5.2612600e+01
  -5.4875500e+01
  -5.6743700e+01
  -5.8201200e+01
  -5.9235200e+01
  -5.9835600e+01
  -5.9995700e+01
  -5.9711900e+01
  -5.8983800e+01
  -5.7814500e+01
  -5.6210300e+01
  -5.4180900e+01
  -5.1739300e+01
  -4.8901700e+01
  -4.5687700e+01
  -4.2119700e+01
  -3.8223100e+01
  -3.4026100e+01
  -2.9559500e+01
  -2.4856300e+01
  -1.9951900e+01
  -1.4883500e+01
  -9.6896900e+00
  -4.4107400e+00
   9.1225100e-01
   6.2374300e+00
   1.1522500e+01
   1.6725300e+01
   2.1803700e+01
   2.6716300e+01
   3.1422700e+01
   3.5883900e+01
   4.0062400e+01
   4.3922800e+01
   4.7431800e+01
   5.0559000e+01
   5.3276600e+01
   5.5560000e+01
   5.7388200e+01
   5.8743700e+01
   5.9612600e+01
   5.9985100e+01
   5.9855700e+01
   5.9222800e+01
   5.8089200e+01
   5.6461900e+01
   5.4352200e+01
   5.1775700e+01
   4.8752000e+01
   4.5304800e+01
   4.1461700e+01
   3.7253900e+01
   3.2716000e+01
   2.7886000e+01
   2.2804500e+01
   1.7514800e+01
   1.2062400e+01
   6.4945700e+00
   8.6000300e-01
  -4.7915700e+00
  -1.0409900e+01
  -1.5944500e+01
  -2.1345300e+01
  -2.6563100e+01
  -3.1549900e+01
  -3.6259200e+01
  -4.0647000e+01
  -4.4671600e+01
  -4.8294300e+01
  -5.1480000e+01
  -5.4197200e+01
  -5.6418400e+01
  -5.8120700e+01
  -5.9285600e+01
  -5.9899700e+01
  -5.9954500e+01
  -5.9446800e+01
  -5.8378600e+01
  -5.6757300e+01
  -5.4595600e+01
  -5.1911500e+01
  -4.8728000e+01
  -4.5073300e+01
  -4.0980100e+01
  -3.6485800e+01
  -3.1631900e+01
  -2.6463800e+01
  -2.1030200e+01
  -1.5382900e+01
  -9.5761500e+00
  -3.6662700e+00
   2.2890400e+00
   8.2311300e+00
   1.4101000e+01
   1.9840000e+01
   2.5390100e+01
   3.0695000e+01
   3.5700300e+01
   4.0354100e+01
   4.4607700e+01
   4.8416200e+01
   5.1738800e+01
   5.4539300e+01
   5.6786600e+01
   5.8455100e+01
   5.9525000e+01
   5.9982300e+01
   5.9819600e+01
   5.9035700e+01
   5.7635800e+01
   5.5631700e+01
   5.3041700e+01
   4.9890400e+01
   4.6208300e+01
   4.2031900e+01
   3.7403500e+01
   3.2370100e+01
   2.6983700e+01
   2.1300300e+01
   1.5379600e+01
   9.2844500e+00
   3.0798100e+00
  -3.1675400e+00
  -9.3898400e+00
  -1.5519100e+01
  -2.1488000e+01
  -2.7230100e+01
  -3.2681400e+01
  -3.7780300e+01
  -4.2468900e+01
  -4.6693100e+01
  -5.0404000e+01
  -5.3557800e+01
  -5.6116700e+01
  -5.8049200e+01
  -5.9330800e+01
  -5.9944200e+01
  -5.9879400e+01
  -5.9134200e+01
  -5.7714100e+01
  -5.5632200e+01
  -5.2909700e+01
  -4.9574900e+01
  -4.5663700e+01
  -4.1218800e+01
  -3.6289500e+01
  -3.0930900e+01
  -2.5203700e+01
  -1.9173400e+01
  -1.2909500e+01
  -6.4845800e+00
   2.6079400e-02
   6.5457900e+00
   1.2997200e+01
   1.9303100e+01
   2.5387700e+01
   3.1177000e+01
   3.6600300e+01
   4.1590600e+01
   4.6085900e+01
   5.0029500e+01
   5.3371200e+01
   5.6067700e+01
   5.8083300e+01
   5.9390300e+01
   5.9969700e+01
   5.9811400e+01
   5.8914000e+01
   5.7285700e+01
   5.4943400e+01
   5.1913500e+01
   4.8230900e+01
   4.3939000e+01
   3.9089200e+01
   3.3740200e+01
   2.7957500e+01
   2.1812700e+01
   1.5382300e+01
   8.7469900e+00
   1.9907900e+00
  -4.8002300e+00
  -1.1539000e+01
  -1.8138400e+01
  -2.4512600e+01
  -3.0578200e+01
  -3.6254900e+01
  -4.1467300e+01
  -4.6145300e+01
  -5.0225500e+01
  -5.3651800e+01
  -5.6376400e+01
  -5.8360400e+01
  -5.9574600e+01
  -5.9999600e+01
  -5.9626500e+01
  -5.8457200e+01
  -5.6503900e+01
  -5.3789800e+01
  -5.0348300e+01
  -4.6222900e+01
  -4.1466600e+01
  -3.6141400e+01
  -3.0317600e+01
  -2.4072400e+01
  -1.7489800e+01
  -1.0658600e+01
  -3.6716900e+00
   3.3751000e+00
   1.0384600e+01
   1.7259500e+01
   2.3903700e+01
   3.0223700e+01
   3.6129800e+01
   4.1537700e+01
   4.6369400e+01
   5.0554600e+01
   5.4031500e+01
   5.6748200e+01
   5.8663100e+01
   5.9745700e+01
   5.9977400e+01
   5.9351400e+01
   5.7873300e+01
   5.5561200e+01
   5.2444900e+01
   4.8566600e+01
   4.3979300e+01
   3.8747100e+01
   3.2943600e+01
   2.6651500e+01
   1.9960900e+01
   1.2968600e+01
   5.7764700e+00
  -1.5102000e+00
  -8.7838900e+00
  -1.5936600e+01
  -2.2861500e+01
  -2.9454300e+01
  -3.5615300e+01
  -4.1250300e+01
  -4.6272800e+01
  -5.0604500e+01
  -5.4177500e+01
  -5.6934800e+01
  -5.8831300e+01
  -5.9834800e+01
  -5.9926800e+01
  -5.9102200e+01
  -5.7370200e+01
  -5.4754200e+01
  -5.1290900e+01
  -4.7030800e+01
  -4.2036800e+01
  -3.6383700e+01
  -3.0157200e+01
  -2.3452200e+01
  -1.6371800e+01
  -9.0258400e+00
  -1.5287800e+00
   6.0017100e+00
   1.3446700e+01
   2.0687900e+01
   2.7609500e+01
   3.4100100e+01
   4.0054300e+01
   4.5375100e+01
   4.9974500e+01
   5.3775900e+01
   5.6715200e+01
   5.8741500e+01
   5.9818600e+01
   5.9925700e+01
   5.9057200e+01
   5.7223900e+01
   5.4452200e+01
   5.0784000e+01
   4.6276500e+01
   4.1000800e+01
   3.5041300e+01
   2.8494300e+01
   2.1466300e+01
   1.4072600e+01
   6.4351400e+00
  -1.3191400e+00
  -9.0606600e+00
  -1.6659300e+01
  -2.3986400e+01
  -3.0917300e+01
  -3.7333200e+01
  -4.3123400e+01
  -4.8187000e+01
  -5.2435300e+01
  -5.5792500e+01
  -5.8197900e+01
  -5.9606900e+01
  -5.9991500e+01
  -5.9341600e+01
  -5.7664500e+01
  -5.4985800e+01
  -5.1348400e+01
  -4.6812300e+01
  -4.1453500e+01
  -3.5362800e+01
  -2.8644600e+01
  -2.1414800e+01
  -1.3799000e+01
  -5.9305300e+00
   2.0522400e+00
   1.0007900e+01
   1.7794900e+01
   2.5273500e+01
   3.2309100e+01
   3.8774000e+01
   4.4550000e+01
   4.9530700e+01
   5.3623400e+01
   5.6751100e+01
   5.8853500e+01
   5.9888900e+01
   5.9834800e+01
   5.8688200e+01
   5.6466500e+01
   5.3206600e+01
   4.8964900e+01
   4.3816100e+01
   3.7852200e+01
   3.1180800e+01
   2.3923300e+01
   1.6212600e+01
   8.1908600e+00
   6.9850900e-03
  -8.1863500e+00
  -1.6235400e+01
  -2.3988200e+01
  -3.1297600e+01
  -3.8023800e+01
  -4.4037600e+01
  -4.9222200e+01
  -5.3476200e+01
  -5.6715400e+01
  -5.8874200e+01
  -5.9907700e+01
  -5.9792300e+01
  -5.8526100e+01
  -5.6129900e+01
  -5.2646000e+01
  -4.8138400e+01
  -4.2691000e+01
  -3.6406800e+01
  -2.9405500e+01
  -2.1821600e+01
  -1.3801700e+01
  -5.5018800e+00
   2.9154200e+00
   1.1284600e+01
   1.9439900e+01
   2.7219200e+01
   3.4466700e+01
   4.1036300e+01
   4.6794700e+01
   5.1624200e+01
   5.5424900e+01
   5.8117000e+01
   5.9642700e+01
   5.9967400e+01
   5.9080500e+01
   5.6996000e+01
   5.3752200e+01
   4.9411500e+01
   4.4058500e+01
   3.7799500e+01
   3.0759600e+01
   2.3080700e+01
   1.4918800e+01
   6.4405500e+00
  -2.1799700e+00
  -1.0764700e+01
  -1.9135400e+01
  -2.7117200e+01
  -3.4542600e+01
  -4.1254700e+01
  -4.7110600e+01
  -5.1984700e+01
  -5.5771400e+01
  -5.8387300e+01
  -5.9773500e+01
  -5.9896700e+01
  -5.8750000e+01
  -5.6354000e+01
  -5.2755400e+01
  -4.8027300e+01
  -4.2267200e+01
  -3.5595100e+01
  -2.8151500e+01
  -2.0094200e+01
  -1.1594900e+01
  -2.8360100e+00
   5.9935900e+00
   1.4702400e+01
   2.3100700e+01
   3.1004200e+01
   3.8238900e+01
   4.4644000e+01
   5.0076600e+01
   5.4414000e+01
   5.7557200e+01
   5.9433100e+01
   5.9996100e+01
   5.9229700e+01
   5.7146500e+01
   5.3789000e+01
   4.9227900e+01
   4.3561600e+01
   3.6913400e+01
   2.9429600e+01
   2.1275900e+01
   1.2634100e+01
   3.6980100e+00
  -5.3311000e+00
  -1.4248600e+01
  -2.2851400e+01
  -3.0942600e+01
  -3.8335700e+01
  -4.4859600e+01
  -5.0361900e+01
  -5.4713200e+01
  -5.7809500e+01
  -5.9575800e+01
  -5.9966900e+01
  -5.8969600e+01
  -5.6602900e+01
  -5.2917400e+01
  -4.7995000e+01
  -4.1947000e+01
  -3.4911300e+01
  -2.7049900e+01
  -1.8545000e+01
  -9.5949400e+00
  -4.0941800e-01
   8.7950800e+00
   1.7800600e+01
   2.6392700e+01
   3.4365800e+01
   4.1527900e+01
   4.7705600e+01
   5.2748100e+01
   5.6530900e+01
   5.8959300e+01
   5.9970900e+01
   5.9536800e+01
   5.7663300e+01
   5.4391300e+01
   4.9796100e+01
   4.3985400e+01
   3.7097200e+01
   2.9296400e+01
   2.0771100e+01
   1.1728300e+01
   2.3883500e+00
  -7.0196200e+00
  -1.6263800e+01
  -2.5115300e+01
  -3.3353700e+01
  -4.0772900e+01
  -4.7185900e+01
  -5.2430000e+01
  -5.6370800e+01
  -5.8906000e+01
  -5.9967800e+01
  -5.9525200e+01
  -5.7584900e+01
  -5.4191400e+01
  -4.9426000e+01
  -4.3405300e+01
  -3.6278400e+01
  -2.8222900e+01
  -1.9441200e+01
  -1.0155100e+01
  -6.0053000e-01
   8.9787200e+00
   1.8336900e+01
   2.7232900e+01
   3.5436200e+01
   4.2733100e+01
   4.8932200e+01
   5.3869800e+01
   5.7414000e+01
   5.9468600e+01
   5.9975700e+01
   5.8917600e+01
   5.6317400e+01
   5.2238800e+01
   4.6784600e+01
   4.0094300e+01
   3.2340800e+01
   2.3725800e+01
   1.4474600e+01
   4.8309500e+00
  -4.9502700e+00
  -1.4609100e+01
  -2.3887500e+01
  -3.2536600e+01
  -4.0323000e+01
  -4.7035400e+01
  -5.2490400e+01
  -5.6537400e+01
  -5.9063300e+01
  -5.9995400e+01
  -5.9304100e+01
  -5.7003400e+01
  -5.3151200e+01
  -4.7848100e+01
  -4.1234600e+01
  -3.3487900e+01
  -2.4816700e+01
  -1.5456600e+01
  -5.6627800e+00
   4.2961700e+00
   1.4145900e+01
   2.3613800e+01
   3.2436500e+01
   4.0367300e+01
   4.7183300e+01
   5.2691500e+01
   5.6734400e+01
   5.9194900e+01
   5.9999600e+01
   5.9121300e+01
   5.6580100e+01
   5.2442800e+01
   4.6821700e+01
   3.9871600e+01
   3.1785800e+01
   2.2790500e+01
   1.3138900e+01
   3.1042400e+00
  -7.0282500e+00
  -1.6969100e+01
  -2.6433100e+01
  -3.5147300e+01
  -4.2859000e+01
  -4.9343400e+01
  -5.4410000e+01
  -5.7908400e+01
  -5.9732900e+01
  -5.9826000e+01
  -5.8180200e+01
  -5.4838700e+01
  -4.9894200e+01
  -4.3487100e+01
  -3.5800700e+01
  -2.7057200e+01
  -1.7510600e+01
  -7.4398300e+00
   2.8595000e+00
   1.3083600e+01
   2.2929700e+01
   3.2104600e+01
   4.0334000e+01
   4.7370200e+01
   5.3000200e+01
   5.7052100e+01
   5.9400200e+01
   5.9969500e+01
   5.8738200e+01
   5.5738300e+01
   5.1055600e+01
   4.4827000e+01
   3.7236700e+01
   2.8511100e+01
   1.8912100e+01
   8.7292500e+00
  -1.7285900e+00
  -1.2143000e+01
  -2.2195200e+01
  -3.1576500e+01
  -3.9997100e+01
  -4.7195400e+01
  -5.2946500e+01
  -5.7069100e+01
  -5.9431400e+01
  -5.9955600e+01
  -5.8620500e+01
  -5.5462700e+01
  -5.0575600e+01
  -4.4107000e+01
  -3.6254800e+01
  -2.7261200e+01
  -1.7405100e+01
  -6.9936500e+00
   3.6469000e+00
   1.4181800e+01
   2.4278200e+01
   3.3615500e+01
   4.1895900e+01
   4.8853800e+01
   5.4264500e+01
   5.7951500e+01
   5.9792600e+01
   5.9724300e+01
   5.7743700e+01
   5.3909200e+01
   4.8339300e+01
   4.1208800e+01
   3.2743400e+01
   2.3213100e+01
   1.2923500e+01
   2.2062500e+00
  -8.5919100e+00
  -1.9119900e+01
  -2.9034000e+01
  -3.8009100e+01
  -4.5749200e+01
  -5.1997700e+01
  -5.6545700e+01
  -5.9239300e+01
  -5.9985100e+01
  -5.8753400e+01
  -5.5579800e+01
  -5.0564400e+01
  -4.3868600e+01
  -3.5710500e+01
  -2.6357700e+01
  -1.6118800e+01
  -5.3332100e+00
   5.6398400e+00
   1.6433300e+01
   2.6684600e+01
   3.6047900e+01
   4.4205700e+01
   5.0879800e+01
   5.5841000e+01
   5.8917100e+01
   5.9999000e+01
   5.9044900e+01
   5.6082100e+01
   5.1206400e+01
   4.4579300e+01
   3.6423000e+01
   2.7012800e+01
   1.6668300e+01
   5.7425800e+00
  -5.3899100e+00
  -1.6345900e+01
  -2.6746700e+01
  -3.6231100e+01
  -4.4468200e+01
  -5.1169000e+01
  -5.6096800e+01
  -5.9075400e+01
  -5.9996200e+01
  -5.8821700e+01
  -5.5587900e+01
  -5.0402900e+01
  -4.3444000e+01
  -3.4951400e+01
  -2.5220500e+01
  -1.4591600e+01
  -3.4382500e+00
   7.8460400e+00
   1.8861400e+01
   2.9215800e+01
   3.8539200e+01
   4.6496700e+01
   5.2800800e+01
   5.7222100e+01
   5.9597400e+01
   5.9836600e+01
   5.7925600e+01
   5.3928100e+01
   4.7983000e+01
   4.0300200e+01
   3.1153400e+01
   2.0870400e+01
   9.8215300e+00
  -1.5933100e+00
  -1.2959400e+01
  -2.3862100e+01
  -3.3901900e+01
  -4.2709400e+01
  -4.9958700e+01
  -5.5379800e+01
  -5.8769100e+01
  -5.9996600e+01
  -5.9011800e+01
  -5.5845800e+01
  -5.0610300e+01
  -4.3494500e+01
  -3.4758100e+01
  -2.4721900e+01
  -1.3756700e+01
  -2.2695200e+00
   9.3117200e+00
   2.0553700e+01
   3.1034000e+01
   4.0357300e+01
   4.8170000e+01
   5.4174200e+01
   5.8138900e+01
   5.9909400e+01
   5.9413300e+01
   5.6664000e+01
   5.1760600e+01
   4.4884300e+01
   3.6292400e+01
   2.6308800e+01
   1.5311700e+01
   3.7197100e+00
  -8.0240800e+00
  -1.9469000e+01
  -3.0174000e+01
  -3.9724900e+01
  -4.7750400e+01
  -5.3936500e+01
  -5.8039600e+01
  -5.9895400e+01
  -5.9426600e+01
  -5.6645900e+01
  -5.1656100e+01
  -4.4646800e+01
  -3.5887100e+01
  -2.5715800e+01
  -1.4528400e+01
  -2.7616400e+00
   9.1228700e+00
   2.0657300e+01
   3.1385700e+01
   4.0882200e+01
   4.8768000e+01
   5.4726900e+01
   5.8517500e+01
   5.9984200e+01
   5.9063000e+01
   5.5785100e+01
   5.0275900e+01
   4.2750700e+01
   3.3506400e+01
   2.2910100e+01
   1.1384500e+01
  -6.0837200e-01
  -1.2585900e+01
  -2.4064400e+01
  -3.4578200e+01
  -4.3699100e+01
  -5.1053700e+01
  -5.6339100e+01
  -5.9335300e+01
  -5.9914800e+01
  -5.8048400e+01
  -5.3806700e+01
  -4.7358000e+01
  -3.8961700e+01
  -2.8958300e+01
  -1.7755800e+01
  -5.8129900e+00
   6.3788300e+00
   1.8316200e+01
   2.9504400e+01
   3.9477700e+01
   4.7819100e+01
   5.4178000e+01
   5.8284800e+01
   5.9963200e+01
   5.9137400e+01
   5.5836200e+01
   5.0192400e+01
   4.2437500e+01
   3.2892800e+01
   2.1955900e+01
   1.0085000e+01
  -2.2206900e+00
  -1.4441700e+01
  -2.6060200e+01
  -3.6581800e+01
  -4.5557000e+01
  -5.2600400e+01
  -5.7407300e+01
  -5.9767600e+01
  -5.9574800e+01
  -5.6831400e+01
  -5.1649300e+01
  -4.4245500e+01
  -3.4933400e+01
  -2.4109800e+01
  -1.2238200e+01
   1.7098400e-01
   1.2581900e+01
   2.4457000e+01
   3.5279500e+01
   4.4576800e+01
   5.1940800e+01
   5.7046200e+01
   5.9665000e+01
   5.9677100e+01
   5.7076300e+01
   5.1970700e+01
   4.4578900e+01
   3.5221100e+01
   2.4305000e+01
   1.2308600e+01
  -2.4027500e-01
  -1.2787800e+01
  -2.4777900e+01
  -3.5677200e+01
  -4.4999000e+01
  -5.2324800e+01
  -5.7323700e+01
  -5.9767400e+01
  -5.9540900e+01
  -5.6648600e+01
  -5.1214100e+01
  -4.3476100e+01
  -3.3777300e+01
  -2.2550200e+01
  -1.0297900e+01
   2.4284000e+00
   1.5054100e+01
   2.7007000e+01
   3.7743300e+01
   4.6772600e+01
   5.3680200e+01
   5.8146700e+01
   5.9963000e+01
   5.9040200e+01
   5.5414600e+01
   4.9246600e+01
   4.0813600e+01
   3.0498300e+01
   1.8771700e+01
   6.1712400e+00
  -6.7232100e+00
  -1.9316100e+01
  -3.1023500e+01
  -4.1300800e+01
  -4.9667500e+01
  -5.5730500e+01
  -5.9202200e+01
  -5.9915200e+01
  -5.7830300e+01
  -5.3038800e+01
  -4.5759500e+01
  -3.6328400e+01
  -2.5184000e+01
  -1.2846800e+01
   1.0431800e-01
   1.3059800e+01
   2.5407300e+01
   3.6561500e+01
   4.5991100e+01
   5.3245000e+01
   5.7973800e+01
   5.9947100e+01
   5.9064900e+01
   5.5363200e+01
   4.9012900e+01
   4.0312300e+01
   2.9673500e+01
   1.7602900e+01
   4.6776500e+00
  -8.4818000e+00
  -2.1241600e+01
  -3.2985100e+01
  -4.3142200e+01
  -5.1218000e+01
  -5.6816600e+01
  -5.9660800e+01
  -5.9606500e+01
  -5.6650400e+01
  -5.0930300e+01
  -4.2719700e+01
  -3.2414700e+01
  -2.0515600e+01
  -7.6023100e+00
   5.6932100e+00
   1.8718100e+01
   3.0830300e+01
   4.1430900e+01
   4.9993200e+01
   5.6089500e+01
   5.9412900e+01
   5.9792600e+01
   5.7203800e+01
   5.1768800e+01
   4.3752400e+01
   3.3549000e+01
   2.1663300e+01
   8.6862500e+00
  -4.7346600e+00
  -1.7927400e+01
  -3.0229100e+01
  -4.1019300e+01
  -4.9751500e+01
  -5.5981300e+01
  -5.9388800e+01
  -5.9795900e+01
  -5.7175700e+01
  -5.1654900e+01
  -4.3507600e+01
  -3.3142900e+01
  -2.1083600e+01
  -7.9412700e+00
   5.6154800e+00
   1.8894400e+01
   3.1215000e+01
   4.1943900e+01
   5.0526800e+01
   5.6518100e+01
   5.9604100e+01
   5.9619800e+01
   5.6558000e+01
   5.0570700e+01
   4.1961700e+01
   3.1172000e+01
   1.8757100e+01
   5.3589300e+00
  -8.3271800e+00
  -2.1588600e+01
  -3.3732200e+01
  -4.4121300e+01
  -5.2208400e+01
  -5.7565300e+01
  -5.9905100e+01
  -5.9098900e+01
  -5.5182600e+01
  -4.8356200e+01
  -3.8974100e+01
  -2.7526700e+01
  -1.4615400e+01
  -9.2116100e-01
   1.2831000e+01
   2.5910900e+01
   3.7621300e+01
   4.7335700e+01
   5.4532000e+01
   5.8820800e+01
   5.9966900e+01
   5.7902500e+01
   5.2731900e+01
   4.4726500e+01
   3.4310900e+01
   2.2041200e+01
   8.5751000e+00
  -5.3628400e+00
  -1.9020100e+01
  -3.1656900e+01
  -4.2586200e+01
  -5.1211300e+01
  -5.7059000e+01
  -5.9805500e+01
  -5.9294800e+01
  -5.5548400e+01
  -4.8764500e+01
  -3.9308200e+01
  -2.7692200e+01
  -1.4549500e+01
  -5.9891600e-01
   1.3393700e+01
   2.6657800e+01
   3.8460500e+01
   4.8147000e+01
   5.5177500e+01
   5.9157500e+01
   5.9860200e+01
   5.7240200e+01
   5.1436600e+01
   4.2766000e+01
   3.1706200e+01
   1.8869600e+01
   4.9701700e+00
  -9.2164000e+00
  -2.2895800e+01
  -3.5299500e+01
  -4.5728100e+01
  -5.3591200e+01
  -5.8440700e+01
  -5.9997200e+01
  -5.8166400e+01
  -5.3045200e+01
  -4.4917000e+01
  -3.4236900e+01
  -2.1606300e+01
  -7.7392200e+00
   6.5772800e+00
   2.0528100e+01
   3.3316400e+01
   4.4209100e+01
   5.2579200e+01
   5.7942300e+01
   5.9984800e+01
   5.8582900e+01
   5.3810600e+01
   4.5936300e+01
   3.5407800e+01
   2.2828200e+01
   8.9206400e+00
  -5.5122100e+00
  -1.9634700e+01
  -3.2626700e+01
  -4.3730700e+01
  -5.2297000e+01
  -5.7821600e+01
  -5.9976300e+01
  -5.8628600e+01
  -5.3850800e+01
  -4.5915900e+01
  -3.5283300e+01
  -2.2572200e+01
  -8.5258900e+00
   6.0312400e+00
   2.0242100e+01
   3.3267100e+01
   4.4334400e+01
   5.2785300e+01
   5.8114000e+01
   5.9998500e+01
   5.8320100e+01
   5.3172000e+01
   4.4854100e+01
   3.3856400e+01
   2.0830300e+01
   6.5507900e+00
  -8.1297900e+00
  -2.2332300e+01
  -3.5203600e+01
  -4.5967700e+01
  -5.3972900e+01
  -5.8731900e+01
  -5.9951300e+01
  -5.7550900e+01
  -5.1669000e+01
  -4.2655000e+01
  -3.1049600e+01
  -1.7552200e+01
  -2.9797000e+00
   1.1783200e+01
   2.5837300e+01
   3.8323900e+01
   4.8477300e+01
   5.5672100e+01
   5.9462100e+01
   5.9608500e+01
   5.6095600e+01
   4.9132300e+01
   3.9140700e+01
   2.6731000e+01
   1.2664300e+01
  -2.1935200e+00
  -1.6924800e+01
  -3.0616900e+01
  -4.2418900e+01
  -5.1594400e+01
  -5.7568100e+01
  -5.9962200e+01
  -5.8620800e+01
  -5.3620600e+01
  -4.5267300e+01
  -3.4077100e+01
  -2.0745800e+01
  -6.1052100e+00
   8.9276400e+00
   2.3408400e+01
   3.6424600e+01
   4.7153100e+01
   5.4912700e+01
   5.9207600e+01
   5.9759700e+01
   5.6527200e+01
   4.9708000e+01
   3.9728500e+01
   2.7217200e+01
   1.2966000e+01
  -2.1202000e+00
  -1.7080300e+01
  -3.0958200e+01
  -4.2864300e+01
  -5.2032400e+01
  -5.7869500e+01
  -5.9994800e+01
  -5.8264800e+01
  -5.2783900e+01
  -4.3898300e+01
  -3.2175000e+01
  -1.8366300e+01
  -3.3614000e+00
   1.1870200e+01
   2.6341400e+01
   3.9111300e+01
   4.9347000e+01
   5.6377500e+01
   5.9739200e+01
   5.9205900e+01
   5.4805500e+01
   4.6818600e+01
   3.5761700e+01
   2.2353900e+01
   7.4710400e+00
  -7.9116600e+00
  -2.2783000e+01
  -3.6162600e+01
  -4.7165100e+01
  -5.5060000e+01
  -5.9319500e+01
  -5.9655100e+01
  -5.6037600e+01
  -4.8699800e+01
  -3.8122500e+01
  -2.5003300e+01
  -1.0211400e+01
   5.2701700e+00
   2.0409100e+01
   3.4193000e+01
   4.5697100e+01
   5.4146500e+01
   5.8969200e+01
   5.9834600e+01
   5.6677400e+01
   4.9703100e+01
   3.9374800e+01
   2.6383500e+01
   1.1602100e+01
  -3.9727500e+00
  -1.9287700e+01
  -3.3304000e+01
  -4.5067700e+01
  -5.3775300e+01
  -5.8828900e+01
  -5.9877600e+01
  -5.6842800e+01
  -4.9924400e+01
  -3.9588700e+01
  -2.6536900e+01
  -1.1658900e+01
   4.0277800e+00
   1.9446900e+01
   3.3537600e+01
   4.5327000e+01
   5.3998400e+01
   5.8947700e+01
   5.9826300e+01
   5.6566200e+01
   4.9385900e+01
   3.8776500e+01
   2.5468500e+01
   1.0382400e+01
  -5.4350000e+00
  -2.0882900e+01
  -3.4882900e+01
  -4.6454700e+01
  -5.4784700e+01
  -5.9284200e+01
  -5.9631100e+01
  -5.5793600e+01
  -4.8034200e+01
  -3.6891600e+01
  -2.3144700e+01
  -7.7580900e+00
   8.1849800e+00
   2.3558800e+01
   3.7274600e+01
   4.8358000e+01
   5.6018400e+01
   5.9705800e+01
   5.9151400e+01
   5.4387000e+01
   4.5744900e+01
   3.3834800e+01
   1.9501600e+01
   3.7658400e+00
  -1.2248500e+01
  -2.7394100e+01
  -4.0583000e+01
  -5.0864200e+01
  -5.7493400e+01
  -5.9986900e+01
  -5.8157900e+01
  -5.2130900e+01
  -4.2334000e+01
  -2.9469400e+01
  -1.4463500e+01
   1.5995400e+00
   1.7555600e+01
   3.2245000e+01
   4.4596800e+01
   5.3707400e+01
   5.8906800e+01
   5.9808700e+01
   5.6339900e+01
   4.8746600e+01
   3.7578000e+01
   2.3647200e+01
   7.9722500e+00
  -8.2975700e+00
  -2.3965900e+01
  -3.7877300e+01
  -4.9002600e+01
  -5.6515500e+01
  -5.9854400e+01
  -5.8764900e+01
  -5.3320300e+01
  -4.3917100e+01
  -3.1247000e+01
  -1.6246300e+01
  -2.7940400e-02
   1.6201600e+01
   3.1231400e+01
   4.3936800e+01
   5.3363800e+01
   5.8800900e+01
   5.9834000e+01
   5.6378000e+01
   4.8684900e+01
   3.7326300e+01
   2.3151000e+01
   7.2227500e+00
  -9.2593500e+00
  -2.5051100e+01
  -3.8956900e+01
  -4.9920700e+01
  -5.7106400e+01
  -5.9962300e+01
  -5.8264200e+01
  -5.2133500e+01
  -4.2029700e+01
  -2.8716300e+01
  -1.3203900e+01
   3.3258700e+00
   1.9610300e+01
   3.4402100e+01
   4.6564700e+01
   5.5160200e+01
   5.9522200e+01
   5.9308200e+01
   5.4526900e+01
   4.5539300e+01
   3.3032000e+01
   1.7965700e+01
   1.5013800e+00
  -1.5088200e+01
  -3.0517200e+01
  -4.3586000e+01
  -5.3275500e+01
  -5.8826200e+01
  -5.9799000e+01
  -5.6110400e+01
  -4.8040700e+01
  -3.6213000e+01
  -2.1546300e+01
  -5.1843500e+00
   1.1592900e+01
   2.7469400e+01
   4.1196400e+01
   5.1690500e+01
   5.8120100e+01
   5.9971600e+01
   5.7091400e+01
   4.9699100e+01
   3.8372000e+01
   2.4000500e+01
   7.7188400e+00
  -9.1841700e+00
  -2.5366700e+01
  -3.9540600e+01
  -5.0574000e+01
  -5.7582400e+01
  -5.9999900e+01
  -5.7626000e+01
  -5.0642400e+01
  -3.9600900e+01
  -2.5379700e+01
  -9.1145200e+00
   7.8914500e+00
   2.4272000e+01
   3.8707600e+01
   5.0031600e+01
   5.7325500e+01
   5.9993700e+01
   5.7812800e+01
   5.0951500e+01
   3.9958100e+01
   2.5717600e+01
   9.3811300e+00
  -7.7266600e+00
  -2.4214800e+01
  -3.8738900e+01
  -5.0111300e+01
  -5.7398300e+01
  -5.9997800e+01
  -5.7689300e+01
  -5.0654000e+01
  -3.9461200e+01
  -2.5023100e+01
  -8.5208800e+00
   8.6911000e+00
   2.5196400e+01
   3.9633100e+01
   5.0806200e+01
   5.7787300e+01
   5.9992100e+01
   5.7230400e+01
   4.9723200e+01
   3.8085800e+01
   2.3278300e+01
   6.5270300e+00
  -1.0776400e+01
  -2.7190900e+01
  -4.1345300e+01
  -5.2054000e+01
  -5.8416000e+01
  -5.9891800e+01
  -5.6349900e+01
  -4.8079400e+01
  -3.5767300e+01
  -2.0442000e+01
  -3.3885400e+00
   1.3959400e+01
   3.0139100e+01
   4.3782900e+01
   5.3733700e+01
   5.9143500e+01
   5.9547200e+01
   5.4902400e+01
   4.5595400e+01
   3.2409500e+01
   1.6460100e+01
  -8.9907500e-01
  -1.8190700e+01
  -3.3939100e+01
  -4.6796700e+01
  -5.5659400e+01
  -5.9762300e+01
  -5.8746300e+01
  -5.2690300e+01
  -4.2106600e+01
  -2.7897700e+01
  -1.1280700e+01
   6.3166500e+00
   2.3378400e+01
   3.8430700e+01
   5.0169700e+01
   5.7574400e+01
   5.9996900e+01
   5.7219300e+01
   4.9474500e+01
   3.7427500e+01
   2.2119200e+01
   4.8773900e+00
  -1.2798400e+01
  -2.9366700e+01
  -4.3378700e+01
  -5.3605500e+01
  -5.9146000e+01
  -5.9507600e+01
  -5.4650400e+01
  -4.4992600e+01
  -3.1375700e+01
  -1.4991400e+01
   2.7215800e+00
   2.0203700e+01
   3.5911600e+01
   4.8454900e+01
   5.6719200e+01
   5.9966300e+01
   5.7900500e+01
   5.0696900e+01
   3.8987300e+01
   2.3805600e+01
   6.4976800e+00
  -1.1397900e+01
  -2.8286200e+01
  -4.2657800e+01
  -5.3224600e+01
  -5.9035300e+01
  -5.9562300e+01
  -5.4750200e+01
  -4.5022500e+01
  -3.1245400e+01
  -1.4651700e+01
   3.2692400e+00
   2.0904700e+01
   3.6663400e+01
   4.9119500e+01
   5.7142000e+01
   5.9998100e+01
   5.7421300e+01
   4.9636900e+01
   3.7343300e+01
   2.1650600e+01
   3.9809700e+00
  -1.4060000e+01
  -3.0828700e+01
  -4.4793200e+01
  -5.4674000e+01
  -5.9561500e+01
  -5.9000900e+01
  -5.3035000e+01
  -4.2202900e+01
  -2.7491300e+01
  -1.0246200e+01
   7.9499900e+00
   2.5423200e+01
   4.0561900e+01
   5.1965700e+01
   5.8575600e+01
   5.9773300e+01
   5.5439600e+01
   4.5967700e+01
   3.2228200e+01
   1.5490000e+01
  -2.6959700e+00
  -2.0640200e+01
  -3.6671300e+01
  -4.9292300e+01
  -5.7320300e+01
  -5.9998600e+01
  -5.7068600e+01
  -4.8796100e+01
  -3.5948100e+01
  -1.9722500e+01
  -1.6374800e+00
   1.6610400e+01
   3.3304800e+01
   4.6871500e+01
   5.6026900e+01
   5.9900700e+01
   5.8119100e+01
   5.0841800e+01
   3.8749500e+01
   2.2980400e+01
   5.0243500e+00
  -1.3417400e+01
  -3.0593400e+01
  -4.4867900e+01
  -5.4877500e+01
  -5.9661800e+01
  -5.8756700e+01
  -5.2239900e+01
  -4.0726200e+01
  -2.5309700e+01
  -7.4614400e+00
   1.1111000e+01
   2.8626100e+01
   4.3399500e+01
   5.4006400e+01
   5.9419500e+01
   5.9109400e+01
   5.3097500e+01
   4.1955900e+01
   2.6753700e+01
   8.9557700e+00
  -9.7181500e+00
  -2.7459000e+01
  -4.2544000e+01
  -5.3503800e+01
  -5.9266700e+01
  -5.9264000e+01
  -5.3487600e+01
  -4.2492300e+01
  -2.7343500e+01
   0.0000000e+00
   0.0000000e+00
   0.0000000e+00
   0.0000000e+00
   0.0000000e+00
   0.0000000e+00
   0.0000000e+00
   0.0000000e+00
   0.0000000e+00
   0.0000000e+00
   0.0000000e+00
   0.0000000e+00
   0.0000000e+00
   0.0000000e+00
   0.0000000e+00
   0.0000000e+00
   0.0000000e+00
   0.0000000e+00
   0.0000000e+00
   0.0000000e+00
   0.0000000e+00
   0.0000000e+00
   0.0000000e+00
   0.0000000e+00
   0.0000000e+00
   0.0000000e+00
   0.0000000e+00
   0.0000000e+00
   0.0000000e+00
   0.0000000e+00
   0.0000000e+00
   0.0000000e+00
   0.0000000e+00
   0.0000000e+00
   0.0000000e+00
   0.0000000e+00
   0.0000000e+00
   0.0000000e+00
   0.0000000e+00
   0.0000000e+00
   0.0000000e+00
   0.0000000e+00
   0.0000000e+00
   0.0000000e+00
   0.0000000e+00
   0.0000000e+00
   0.0000000e+00
   0.0000000e+00
   0.0000000e+00
   0.0000000e+00
   0.0000000e+00
   0.0000000e+00
   0.0000000e+00
   0.0000000e+00
   0.0000000e+00
   0.0000000e+00
   0.0000000e+00
   0.0000000e+00
   0.0000000e+00
   0.0000000e+00
   0.0000000e+00
   0.0000000e+00
   0.0000000e+00
   0.0000000e+00
   0.0000000e+00
   0.0000000e+00
   0.0000000e+00
   0.0000000e+00
   0.0000000e+00
   0.0000000e+00
   0.0000000e+00
   0.0000000e+00
   0.0000000e+00
   0.0000000e+00
   0.0000000e+00
   0.0000000e+00
   0.0000000e+00
   0.0000000e+00
   0.0000000e+00
   0.0000000e+00
   0.0000000e+00
   0.0000000e+00
   0.0000000e+00
   0.0000000e+00
   0.0000000e+00
   0.0000000e+00
   0.0000000e+00
   0.0000000e+00
   0.0000000e+00
